Historical_Disaster_ID,CNN_Cosine_Similarity,Graph_Cosine_Similarity,Domain_Rank,Boost_Factor,Final_Alpha_Weight
FL_1997_000022_BOL,0.7318666,0.9845527725875822,5.0,1.0666666666666667,0.7806577066666667
FL_2007_000012_BOL,0.71222556,0.98616579684637,3.0,1.0769230769230769,0.7670121415384615
FL_2002_000110_BOL,0.70635736,0.9792008693448869,13.0,1.0434782608695652,0.7370685495652174
FL_2001_000029_BOL,0.67545664,0.9853099991210346,4.0,1.0714285714285714,0.7237035428571429
FL_2013_000020_BOL,0.66751564,0.9891715142903358,2.0,1.0833333333333333,0.7231419433333333
FL_2012_000005_BOL,0.66111785,0.982530845753934,7.0,1.0588235294117647,0.7000071352941176
FL_2003_000621_BOL,0.65300286,0.9744156686265875,18.0,1.0357142857142858,0.6763243907142857
FL_2000_000130_BOL,0.64010084,0.9727446835714382,19.0,1.0344827586206897,0.6621732827586208
FL_2015_000008_BOL,0.60730493,0.9823230111339896,8.0,1.0555555555555556,0.6410440927777777
FL_2006_000010_BOL,0.5968452,0.9832940951755806,6.0,1.0625,0.634148025
FL_2014_000008_BOL,0.56703013,0.9799632062463061,11.0,1.0476190476190477,0.5940315647619048
FL_2010_000008_BOL,0.5686955,0.9727278015558367,20.0,1.0333333333333334,0.5876520166666668
FL_2009_000045_BOL,0.55904377,0.9717347230872774,21.0,1.032258064516129,0.57707744
FL_2007_000231_BOL,0.547047,0.9746786168038433,17.0,1.037037037037037,0.5673079999999999
FL_2011_000020_BOL,0.5182543,0.9916293371739292,1.0,1.0909090909090908,0.5653683272727271
FL_2022_000379_MYS,0.54401606,0.3343373444490979,1106.0,1.0008960573476702,0.5445035295878136
FL_2018_000419_PRY,0.52878153,0.4808196349178796,351.0,1.002770083102493,0.5302462987811635
FL_2019_000034_BOL,0.5138758,0.9695351229468246,24.0,1.0294117647058822,0.528989794117647
FL_2006_000120_BFA,0.5230176,0.46721708291807806,445.0,1.0021978021978022,0.5241670892307692
FL_2016_000009_IDN,0.5205303,0.3337632239669201,1110.0,1.0008928571428573,0.5209950591964286
FL_2000_000806_FJI,0.51699877,0.5314302775572872,124.0,1.007462686567164,0.5208569697761194
FL_2014_000030_PRY,0.51679564,0.461777466994979,495.0,1.001980198019802,0.5178189977029704
FL_2019_000032_BOL,0.49783015,0.9781713002131626,15.0,1.04,0.5177433560000001
FL_2008_000102_CIV,0.5081885,0.4937973405855678,279.0,1.0034602076124568,0.5099469377162631
FL_2021_000066_GUY,0.5089348,0.39252208989842885,900.0,1.001098901098901,0.509494069010989
FL_2009_000170_MRT,0.5059402,0.32298458793941803,1156.0,1.0008576329331047,0.5063741109777016
FL_2008_000091_SOM,0.5055973,0.4241615025323906,753.0,1.001310615989515,0.5062599439056357
FL_2021_000123_CAF,0.5054806,0.11470201145826597,1504.0,1.000660501981506,0.5058144709379128
FL_2015_000071_GEO,0.5042311,0.4645044295569072,471.0,1.002079002079002,0.5052793975051976
FL_1998_000251_SDN,0.50111634,0.5350273414028605,111.0,1.0082644628099173,0.5052577973553719
FL_1999_000437_KHM,0.50267094,0.47227162583968646,403.0,1.0024213075060533,0.5038880609200969
FL_2003_000012_BOL,0.48762402,0.9712447320022725,22.0,1.03125,0.502862270625
FL_2022_000276_GMB,0.5000646,0.4989009828178558,255.0,1.0037735849056604,0.501951636226415
FL_1997_000207_SYC,0.49895948,0.3379615858697606,1085.0,1.0009132420091325,0.4994151507579909
FL_2005_000182_IND,0.49804023,0.3138744910509868,1205.0,1.0008230452674898,0.498450139654321
FL_2007_000217_SRB,0.4971727,0.13817900032344288,1495.0,1.0006644518272425,0.4975030473089701
FL_2019_000098_CAF,0.49692744,0.0972780812050209,1511.0,1.0006574621959237,0.49725415100591713
FL_2022_000365_PAN,0.49328306,0.5257089453403961,141.0,1.0066225165562914,0.4965498352317881
FL_2021_000161_IND,0.49502817,0.32231982614897753,1160.0,1.0008547008547009,0.49545127099999997
FL_2000_000048_BWA,0.4934634,0.41554134694907174,781.0,1.0012642225031605,0.49408724753476607
FL_2007_000194_GTM,0.4827072,0.5629782683578199,62.0,1.0138888888888888,0.48941146666666663
FL_2003_000331_CHN,0.48778322,0.39274701661735856,898.0,1.001101321585903,0.4883204261894273
FL_2009_000198_BEN,0.48630512,0.48953577253443814,301.0,1.0032154340836013,0.4878688020578778
FL_2005_000169_FJI,0.48444402,0.5240056187782222,152.0,1.0061728395061729,0.48743441518518515
FL_2003_000227_CHN,0.48635885,0.3946761964409369,892.0,1.001108647450111,0.4868980504988914
FL_2001_000696_BRA,0.48305428,0.4753977328948822,385.0,1.0025316455696203,0.4842772022278481
FL_2019_000094_GTM,0.48127556,0.5240471459100653,151.0,1.0062111801242235,0.48426484919254653
FL_2006_000070_IND,0.48311076,0.3216832847207834,1163.0,1.000852514919011,0.48352261913043476
FL_1991_000010_PHL,0.48220643,0.3856339469804521,925.0,1.0010695187165775,0.48272215880213903
FL_2019_000047_GEO,0.4811669,0.4840327647360342,332.0,1.0029239766081872,0.482573820760234
FL_2022_000287_TCD,0.48148707,0.257785338812355,1395.0,1.000711743772242,0.48182976542348754
FL_2010_000219_PHL,0.4800099,0.40772494885092747,826.0,1.0011961722488039,0.4805840745215311
FL_2021_000152_GEO,0.47947872,0.442136890979209,657.0,1.0014992503748126,0.4801975786506747
FL_2021_000173_IDN,0.47901478,0.32716652680909764,1141.0,1.000868809730669,0.47943095270199826
FL_2004_000115_PAN,0.47595644,0.4854030237969901,322.0,1.0030120481927711,0.47739004373493976
FL_2021_000129_VEN,0.47370458,0.5313127844417872,125.0,1.0074074074074073,0.4772135028148147
FL_2015_000171_PRY,0.47567335,0.47298513150704513,400.0,1.002439024390244,0.476833528902439
FL_2006_000124_UGA,0.4763046,0.2160273547485555,1476.0,1.0006729475100942,0.4766251279946164
FL_2010_000161_MYS,0.47580713,0.30546984497576757,1250.0,1.0007936507936508,0.47618475470634924
FL_2010_000118_GHA,0.46177134,0.6194455610258738,27.0,1.027027027027027,0.47425164648648643
FL_2007_000009_PER,0.47212076,0.45367072046651036,564.0,1.0017421602787457,0.4729432700348432
FL_2009_000187_CIV,0.47189867,0.361225385956798,1010.0,1.0009803921568627,0.472361315754902
FL_2005_000117_GTM,0.4698975,0.49047420290663885,297.0,1.003257328990228,0.47142811074918567
FL_2011_000108_SEN,0.47037917,0.43589644678089623,688.0,1.001432664756447,0.4710530656590258
FL_2009_000034_MAR,0.46771312,0.528524249581872,138.0,1.0067567567567568,0.47087334378378376
FL_2017_000052_RUS,0.47003162,0.33098489488277755,1127.0,1.0008795074758134,0.4704450163236587
FL_2015_000169_KEN,0.46908253,0.45228778573083317,571.0,1.0017211703958693,0.46988990096385547
FL_2004_000020_KEN,0.46876633,0.47080955269702424,417.0,1.0023419203747073,0.46986414341920374
FL_2008_000011_TZA,0.4661439,0.5257079812004282,142.0,1.006578947368421,0.4692106361842105
FL_2002_000734_MAR,0.46516168,0.5350495516256448,110.0,1.0083333333333333,0.46903802733333333
FL_1997_000299_PRY,0.4682643,0.4169165775393504,775.0,1.0012738853503185,0.4688608150318472
FL_2016_000117_ALB,0.46566403,0.5109347473514367,194.0,1.0049019607843137,0.46794669681372547
FL_2009_000127_BEN,0.46545753,0.5086255020109554,204.0,1.0046728971962617,0.4676325651869159
FL_2011_000120_SDN,0.46441904,0.4856696278827588,320.0,1.003030303030303,0.4658263704242424
FL_2009_000268_AGO,0.46453708,0.41121100791435083,809.0,1.0012210012210012,0.46510428034188034
FL_2022_000290_SEN,0.46418804,0.42446793162893914,749.0,1.0013175230566536,0.46479961844532286
FL_2008_000246_GUY,0.4633022,0.37790560210132207,957.0,1.001034126163392,0.46378131292657704
FL_2014_000123_SSD,0.4620183,0.48623693091929665,315.0,1.003076923076923,0.4634398947692307
FL_2019_000033_PRY,0.4588123,0.5429984883634817,92.0,1.0098039215686274,0.46331045980392155
FL_2002_000479_CZE,0.46292397,0.31650870982971635,1193.0,1.0008312551953449,0.4633087779551122
FL_2022_000328_HND,0.46051687,0.5205230048800258,161.0,1.0058479532163742,0.46320995111111113
FL_2009_000117_GTM,0.46143654,0.4796647360138642,357.0,1.002724795640327,0.46269386027247955
FL_2020_000175_GEO,0.45939052,0.5300101314347934,130.0,1.0071428571428571,0.4626718808571429
FL_2018_000028_BWA,0.46068618,0.4990343212863829,253.0,1.0038022813688212,0.4624378384790874
FL_2006_000106_MRT,0.4599725,0.34563578583306054,1060.0,1.0009345794392523,0.4604023808411215
FL_2021_000153_UGA,0.45974106,0.25553363792842354,1399.0,1.000709723207949,0.460067348899929
FL_1997_000199_BEN,0.4557012,0.5326248289300246,120.0,1.0076923076923077,0.4592065938461538
FL_2005_000105_HTI,0.45846882,0.2360433319273196,1438.0,1.0006906077348066,0.4587854421132596
FL_2021_000007_SYR,0.45838568,0.21803167350729405,1471.0,1.00067521944632,0.4586951909250506
FL_2009_000023_ECU,0.45576343,0.5018275532798024,239.0,1.0040160642570282,0.4575938052208836
FL_1997_000142_CZE,0.45723447,0.26634907605938557,1381.0,1.0007189072609632,0.4575631791804457
FL_2010_000195_MLI,0.45612204,0.4044688508675219,841.0,1.00117508813161,0.45665802359576974
FL_2007_000141_NGA,0.45353127,0.524886276387859,149.0,1.0062893081761006,0.4563836679245283
FL_2008_000213_PER,0.45525062,0.456508866632191,543.0,1.0018083182640145,0.45607385801084993
FL_1999_000423_TGO,0.4503109,0.5385175620551091,100.0,1.009090909090909,0.45440463545454546
FL_2008_000074_BFA,0.4529242,0.4784621278284111,365.0,1.0026666666666666,0.45413199786666664
FL_2003_000350_MNG,0.4535162,0.3612516393011529,1009.0,1.000981354268891,0.4539612600588812
FL_2019_000084_IND,0.45350602,0.3349616665072581,1103.0,1.0008984725965857,0.4539134827313567
FL_2014_000121_CMR,0.4529912,0.41901997185907636,771.0,1.0012804097311139,0.45357121434058895
FL_2021_000190_EGY,0.4518112,0.2816565575568404,1338.0,1.0007418397626113,0.4521463715133532
FL_2007_000206_COG,0.45078737,0.29320249620151007,1301.0,1.0007627765064837,0.4511312200152556
FL_2009_000186_TCD,0.45073467,0.2903633951873267,1311.0,1.0007570022710068,0.45107587716881153
FL_2008_000035_PRY,0.45038226,0.4290496199605772,725.0,1.0013605442176872,0.4509950249795919
FL_2018_000034_BLR,0.45035017,0.316480641262437,1194.0,1.0008305647840532,0.45072421499169435
FL_2011_000059_CHN,0.44987226,0.3304541552413216,1129.0,1.0008779631255487,0.4502672312554873
FL_2015_000105_GIN,0.44951728,0.24428638381792286,1421.0,1.0006988120195668,0.449831408078267
FL_2019_000052_SRB,0.44948578,0.09806876206151027,1509.0,1.000658327847268,0.449781689005925
FL_2012_000198_PAN,0.44831818,0.44815201345155786,614.0,1.001602564102564,0.4490366386217949
FL_2007_000125_PHL,0.44817662,0.43514867603187063,691.0,1.0014265335235377,0.44881595897289583
FL_2020_000200_BFA,0.44682175,0.5054208507561855,220.0,1.0043478260869565,0.44876445326086956
FL_2010_000072_RUS,0.44783762,0.34185016614465213,1067.0,1.000928505106778,0.4482534395171773
FL_2001_000407_IDN,0.44712484,0.3222610151131477,1161.0,1.0008539709649873,0.4475066716310846
FL_2007_000132_BFA,0.44652253,0.4567974957914791,540.0,1.0018181818181817,0.4473343891454545
FL_2018_000128_SDN,0.44204542,0.5488518371994244,84.0,1.0106382978723405,0.4467480308510639
FL_2020_000195_CMR,0.44529408,0.411096987698426,810.0,1.001219512195122,0.4458371215609756
FL_2012_000043_KGZ,0.44537535,0.27596935069618894,1358.0,1.0007309941520468,0.4457009167763158
FL_2015_000006_MWI,0.44459692,0.4435907716480039,645.0,1.001526717557252,0.4452756939236642
FL_2005_000205_PHL,0.4445864,0.4104975827425721,812.0,1.0012165450121655,0.4451272593673966
FL_1997_000301_UGA,0.44458652,0.20980080260657827,1484.0,1.000669344042838,0.44488410133868805
FL_2013_000068_CZE,0.44453448,0.2610119118379544,1390.0,1.0007142857142857,0.44485200462857144
FL_2013_000076_PRY,0.44227582,0.48455804591699986,328.0,1.0029585798816567,0.4435843283431952
FL_2016_000025_SRB,0.44322345,0.08289943589423288,1518.0,1.00065445026178,0.44351351770287956
FL_2017_000137_SSD,0.44156787,0.4950044633858246,275.0,1.0035087719298246,0.4431172309473684
FL_2015_000053_CAF,0.44241554,0.08613428708388772,1517.0,1.0006548788474132,0.4427052685789129
FL_2015_000151_BLZ,0.4421157,0.28681718224004066,1323.0,1.0007501875468867,0.4424473696924231
FL_2022_000249_CIV,0.44167975,0.3469864666057395,1059.0,1.000935453695042,0.44209292095416275
FL_2008_000095_SUR,0.44168505,0.33096998853401816,1128.0,1.0008787346221442,0.4420731739455185
FL_2019_000031_SYR,0.44170016,0.22625781012798588,1453.0,1.0006835269993164,0.4420020739849624
FL_2019_000104_THA,0.44072336,0.4739189565647127,395.0,1.002469135802469,0.44181156582716047
FL_2017_000130_GTM,0.43211046,0.5852946087823088,36.0,1.0217391304347827,0.44150416565217393
FL_1997_000295_COD,0.4407035,0.39818991140655835,870.0,1.0011363636363637,0.4412042994318182
FL_2019_000062_SSD,0.43976045,0.4839627462525867,333.0,1.0029154518950438,0.4410425504373178
FL_2017_000160_HND,0.43981957,0.47607421376581893,379.0,1.0025706940874035,0.44095021156812336
FL_2010_000042_SRB,0.4404612,0.09838378597481477,1508.0,1.0006587615283267,0.4407513588932806
FL_2007_000077_CHN,0.43982702,0.3962744224961885,886.0,1.0011160714285714,0.4403178983705357
FL_2020_000052_COD,0.43926784,0.3646185663326441,1001.0,1.0009891196834817,0.4397023284668645
FL_2011_000148_KHM,0.43807015,0.4980284712619714,261.0,1.003690036900369,0.4396866450184502
FL_2020_000132_UGA,0.43919635,0.21658092633545872,1475.0,1.0006734006734006,0.4394921051178451
FL_2011_000051_RWA,0.43906188,0.22888191228448262,1449.0,1.0006854009595614,0.43936281343385886
FL_2009_000166_SDN,0.43679643,0.5183006069515438,172.0,1.0054945054945055,0.4391964103846154
FL_2008_000018_ECU,0.438087,0.470972954034473,412.0,1.0023696682464456,0.4391251208530806
FL_1999_000371_IND,0.43838897,0.31938490720833096,1173.0,1.0008453085376163,0.4387595439391378
FL_2022_000164_ECU,0.43770766,0.470288564267675,423.0,1.002309468822171,0.4387185321939954
FL_2008_000089_IND,0.43829423,0.3099824973045323,1220.0,1.0008130081300812,0.4386505667723577
FL_1999_000651_CHN,0.43807635,0.3192564793771429,1175.0,1.0008438818565402,0.4384460346835443
FL_2011_000118_GTM,0.43438095,0.5366178617087072,105.0,1.008695652173913,0.43815817565217385
FL_2009_000261_PER,0.4371302,0.4660990597434371,454.0,1.0021551724137931,0.43807229094827593
FL_2009_000240_PAN,0.43649554,0.4849293421814712,325.0,1.0029850746268656,0.437798511761194
FL_2006_000071_ROM,0.4346144,0.5131104597859104,185.0,1.005128205128205,0.4368431917948718
FL_2009_000172_BFA,0.43511277,0.4740158262679549,393.0,1.0024813895781637,0.4361924542928039
FL_2008_000180_NIC,0.43588942,0.20082927510340176,1488.0,1.000667556742323,0.43618040092122834
FL_2017_000149_TGO,0.43369335,0.5135645747179615,184.0,1.0051546391752577,0.43592888273195873
FL_2011_000131_GIN,0.43540293,0.26570254405050187,1382.0,1.0007183908045978,0.43571571946120696
FL_2007_000093_SDN,0.43362248,0.5087197573874026,202.0,1.0047169811320755,0.43566786905660376
FL_2019_000170_RWA,0.43530148,0.24701575662167413,1417.0,1.0007007708479327,0.43560652658724597
FL_2005_000175_SDN,0.433748,0.5031082225830475,234.0,1.0040983606557377,0.4355256557377049
FL_2013_000055_UGA,0.43518785,0.2284787038087267,1451.0,1.000684462696783,0.4354857198494182
FL_2002_000263_CRI,0.43499368,0.3808689234993937,945.0,1.0010471204188482,0.43544917076439793
FL_2004_000116_CAF,0.4349699,0.11314090584164177,1505.0,1.0006600660066007,0.43525700884488455
FL_2008_000031_PER,0.43424562,0.45883912996700094,525.0,1.0018691588785047,0.4350572940560748
FL_2007_000023_IDN,0.4345403,0.34156953885306784,1068.0,1.0009276437847867,0.43494339860853437
FL_2012_000013_ECU,0.43289524,0.5041552877641513,228.0,1.004201680672269,0.43471412756302524
FL_2007_000025_FJI,0.4333212,0.48490046450160984,326.0,1.0029761904761905,0.43461084642857145
FL_2011_000181_VEN,0.4326235,0.5075153078490833,210.0,1.0045454545454546,0.4345899704545455
FL_2001_000314_GHA,0.4335025,0.43131170933612406,719.0,1.0013717421124828,0.4340971536351166
FL_2019_000131_CIV,0.43339622,0.366591635171982,994.0,1.000996015936255,0.43382788954183266
FL_2017_000075_CHN,0.43321183,0.3906160949916122,907.0,1.0010905125408942,0.43368425293347873
FL_2013_000131_KHM,0.43287978,0.4481888500196176,613.0,1.0016051364365972,0.4335746111075442
FL_2006_000027_IDN,0.43276542,0.34019045485503174,1076.0,1.0009208103130756,0.4331639148618785
FL_2012_000172_MLI,0.43266597,0.3773503624933264,960.0,1.0010309278350515,0.4331120173917526
FL_2009_000007_ZWE,0.4322319,0.4153600352232995,783.0,1.0012610340479193,0.43277695914249686
FL_2019_000030_IRQ,0.43135142,0.4529636302425037,567.0,1.001733102253033,0.4320989961178509
FL_2009_000208_AZE,0.4314636,0.38357540817191055,933.0,1.0010604453870626,0.43192114358430544
FL_2019_000120_PHL,0.43086755,0.42671830060424076,738.0,1.0013368983957218,0.4314435761363636
FL_1999_000315_GHA,0.43071538,0.4374284122699432,684.0,1.0014409221902016,0.4313360073487031
FL_2007_000057_URY,0.43006718,0.4811616338961764,348.0,1.0027932960893855,0.43126848497206705
FL_2011_000067_PHL,0.43061653,0.4088896420237802,819.0,1.0012062726176116,0.43113597092882994
FL_2017_000088_SDN,0.43028826,0.4607933913679376,503.0,1.0019493177387915,0.4311270285380117
FL_2016_000084_PHL,0.43021524,0.3854373752776107,926.0,1.001068376068376,0.4306748716666667
FL_2008_000126_TCD,0.4301918,0.39300356274060266,896.0,1.0011037527593818,0.43066662538631345
FL_2012_000140_MMR,0.43030992,0.29406135552746193,1298.0,1.0007645259938838,0.43063890311926606
FL_2006_000145_GIN,0.42981833,0.23935552250228243,1432.0,1.0006934812760055,0.430116400963939
FL_2001_000227_RUS,0.42967248,0.33675401595390375,1094.0,1.0009057971014492,0.4300616760869565
FL_2009_000132_GHA,0.4289854,0.40137021116069926,860.0,1.0011494252873563,0.42947848666666666
FL_2019_000138_KEN,0.42884028,0.4328055040696468,709.0,1.0013908205841446,0.4294367198887344
FL_2014_000014_SYC,0.42905295,0.30511631994704214,1253.0,1.0007917656373713,0.42939265938242277
FL_2010_000012_EGY,0.42888126,0.27538530164646013,1359.0,1.0007304601899196,0.42919454068663254
FL_2012_000192_COD,0.42831534,0.46006691445829495,511.0,1.0019193857965452,0.4291374423800384
FL_2010_000240_VEN,0.42621124,0.5249801327964981,147.0,1.0063694267515924,0.4289259612738853
FL_2021_000091_PHL,0.4283732,0.3971698012575953,878.0,1.0011261261261262,0.4288556022522523
FL_2004_000031_CHN,0.42845523,0.33420520622934324,1108.0,1.0008944543828264,0.4288384636583184
FL_2022_000277_SDN,0.42329162,0.5566012086791715,75.0,1.011764705882353,0.42827152141176467
FL_1997_000530_PER,0.427299,0.44868742566787667,607.0,1.0016207455429498,0.4279915429497569
FL_2003_000482_MEX,0.42693418,0.43915130007572656,678.0,1.001453488372093,0.427554723866279
FL_1998_000213_KGZ,0.42685768,0.2784619317701556,1346.0,1.0007374631268438,0.4271724717994101
FL_2005_000104_IND,0.42648792,0.3216315648411643,1165.0,1.0008510638297872,0.4268508884425532
FL_1997_000144_CHN,0.42633966,0.3863353092658625,921.0,1.0010741138560688,0.42679759733619765
FL_2020_000192_TCD,0.42611638,0.2982695385556434,1276.0,1.000777604976672,0.4264477302177294
FL_2022_000316_NER,0.42557073,0.41206798876254747,801.0,1.0012330456226881,0.4260954781257707
FL_2010_000176_MRT,0.42564115,0.33873841198019866,1080.0,1.0009174311926605,0.42603164646788994
FL_2009_000217_IND,0.42536014,0.35231008856342994,1031.0,1.0009606147934678,0.42576874724303554
FL_2007_000165_BEN,0.4227759,0.5294905271901671,133.0,1.006993006993007,0.42573237482517484
FL_2022_000321_CAF,0.42509782,0.12421809497446827,1499.0,1.0006626905235254,0.4253795282968853
FL_2013_000028_NAM,0.4249025,0.39270692883315184,899.0,1.001100110011001,0.4253699394939494
FL_2021_000019_PER,0.42412364,0.46601723125241157,455.0,1.0021505376344086,0.4250357338494624
FL_2000_000299_GTM,0.42321348,0.49621337732464527,268.0,1.0035971223021583,0.424735830647482
FL_2008_000175_UGA,0.42422807,0.23933723478555666,1433.0,1.0006930006930006,0.4245220603465003
FL_2012_000200_BFA,0.42320463,0.48037574871598565,353.0,1.002754820936639,0.4243704829752066
FL_2011_000091_BEN,0.4225205,0.5048374999443165,223.0,1.0042918454935623,0.42433389270386274
FL_2014_000006_PHL,0.42377204,0.40634119387430145,830.0,1.0011904761904762,0.42427653052380954
FL_2016_000089_SEN,0.4195558,0.5489464580953585,83.0,1.010752688172043,0.424067152688172
FL_2008_000154_MEX,0.42323402,0.43868573590699667,679.0,1.0014513788098693,0.4238482928882438
FL_1998_000316_VNM,0.42291617,0.46453273091646075,470.0,1.0020833333333334,0.4237972453541667
FL_2010_000259_AUS,0.4231655,0.4403446775386095,668.0,1.0014749262536873,0.42378963790560475
FL_2011_000038_KAZ,0.42333582,0.24226772212380576,1426.0,1.0006963788300836,0.423630622103064
FL_1998_000165_CHN,0.4228629,0.40247258721821744,854.0,1.0011574074074074,0.4233523246527778
FL_1999_000071_MOZ,0.42273986,0.42714402837022625,736.0,1.0013404825737264,0.4233065354155496
FL_2007_000151_TCD,0.42285365,0.2926067214973238,1305.0,1.0007604562737642,0.4231752117110266
FL_2007_000197_COD,0.42207736,0.44158753518954863,661.0,1.0014903129657229,0.4227063873621461
FL_2007_000076_KEN,0.42181063,0.4644060510522466,473.0,1.0020703933747412,0.4226839439337475
FL_2005_000137_CAF,0.42218745,0.10581370031313832,1507.0,1.000659195781147,0.42246575418589327
FL_2005_000139_SLE,0.41775045,0.5493142892200044,82.0,1.0108695652173914,0.4222912157608696
FL_2009_000266_ALB,0.41981846,0.5041431929409776,229.0,1.00418410041841,0.42157502259414226
FL_2016_000081_GTM,0.42015848,0.487487249205243,306.0,1.0031645569620253,0.421488095443038
FL_2000_000770_IDN,0.42016762,0.3516587703936279,1033.0,1.0009587727708533,0.42057046527325026
FL_2022_000305_GIN,0.4199656,0.22227904267596513,1463.0,1.0006788866259335,0.42025070902919215
FL_2022_000349_CMR,0.4193915,0.40521569640077276,835.0,1.0011834319526627,0.4198878213017751
FL_2007_000159_RWA,0.41953444,0.24034513562457038,1428.0,1.0006954102920724,0.41982618856745485
FL_2020_000176_SDN,0.41607127,0.5385162529112993,101.0,1.009009009009009,0.4198196598198198
FL_2006_000068_CHN,0.41923255,0.3888404305048512,913.0,1.0010834236186348,0.4196867564463705
FL_2012_000128_SSD,0.41868442,0.46453467682037497,469.0,1.0020876826722338,0.4195585002087683
FL_2010_000125_IND,0.41885647,0.34988591433125915,1043.0,1.0009496676163343,0.41925424442545106
FL_2011_000198_PER,0.41795295,0.4472884795563415,620.0,1.0015873015873016,0.41861636738095237
FL_2009_000245_SRB,0.41805622,0.13111049528456425,1498.0,1.0006631299734747,0.4183334456100795
FL_2017_000054_BFA,0.4171841,0.47729094945472883,372.0,1.0026178010471205,0.418276204973822
FL_2005_000196_LKA,0.41594338,0.5150884989588905,180.0,1.0052631578947369,0.4181325556842105
FL_2014_000154_IDN,0.41741806,0.3185742200591023,1180.0,1.0008403361344538,0.4177688314789916
FL_2019_000135_GHA,0.41729683,0.3961619957123048,887.0,1.0011148272017838,0.41776204385730215
FL_2011_000129_MLI,0.4171766,0.36633688944704673,996.0,1.0009940357852882,0.41759128846918486
FL_2002_000322_CHL,0.41573593,0.5058027581195657,217.0,1.0044052863436124,0.41756736581497794
FL_2002_000374_IND,0.41711265,0.3090833839140937,1224.0,1.0008103727714748,0.4174506667341977
FL_2017_000014_PER,0.4166903,0.4466697062306646,624.0,1.001577287066246,0.4173475402208202
FL_1999_000229_TJK,0.41689378,0.341270375852689,1071.0,1.0009250693802034,0.41727943567067527
FL_2001_000375_IRN,0.41665515,0.31933437340263204,1174.0,1.0008445945945945,0.41700705468749993
FL_2018_000092_MNG,0.41657624,0.3719646827150676,981.0,1.0010090817356205,0.41699659947527745
FL_2009_000226_PRY,0.41593337,0.4530107809958105,566.0,1.0017361111111112,0.41665547654513896
FL_2012_000042_COL,0.4158667,0.452524119234467,570.0,1.0017241379310344,0.4165837115517241
FL_2002_000265_KEN,0.41561055,0.4552043605024024,549.0,1.0017889087656529,0.4163540393559928
FL_2009_000190_TUR,0.41560102,0.41261989014945366,795.0,1.0012422360248447,0.4161172945590062
FL_2008_000191_HND,0.41526467,0.43502098202286144,692.0,1.0014245014245013,0.4158562151139601
FL_2020_000193_SSD,0.41474158,0.47643913824862344,374.0,1.0026041666666667,0.4158216361979167
FL_1998_000329_BEN,0.41401815,0.5017098343845433,240.0,1.004,0.4156742226
FL_2004_000043_IND,0.4142419,0.4759565462308142,380.0,1.0025641025641026,0.41530405871794873
FL_2008_000166_GTM,0.41009712,0.5594215648007592,70.0,1.0125,0.41522333399999994
FL_2013_000095_PHL,0.41470855,0.3977762343804968,874.0,1.001131221719457,0.4151776773190045
FL_2018_000043_TZA,0.4114568,0.5383246286124068,102.0,1.0089285714285714,0.41513052142857143
FL_2009_000164_SEN,0.4135285,0.49819052849813583,259.0,1.003717472118959,0.41506578066914496
FL_2012_000009_FJI,0.40994596,0.5586116556512463,72.0,1.0121951219512195,0.4149453009756098
FL_2015_000027_CHL,0.41350606,0.48339674643721364,335.0,1.0028985507246377,0.4147046282898551
FL_2010_000242_AGO,0.41420615,0.39886311367993366,867.0,1.001140250855188,0.41467844891676164
FL_2000_000038_PHL,0.41419366,0.3729456256384355,977.0,1.0010131712259371,0.4146133090982776
FL_2001_000549_GIN,0.41395164,0.2621393985309881,1388.0,1.0007153075822603,0.4142477427467811
FL_2001_000332_IND,0.41327173,0.34723303966243196,1057.0,1.0009372071227742,0.4136590512089972
FL_2009_000251_SAU,0.413169,0.2781234393684179,1349.0,1.0007358351729212,0.41347302428256066
FL_2012_000174_BEN,0.4079214,0.5617726007141203,65.0,1.0133333333333334,0.41336035200000004
FL_1998_000040_URY,0.41115886,0.5164118092135205,177.0,1.0053475935828877,0.41335757048128347
FL_1999_000253_PHL,0.41288006,0.3937520586623811,894.0,1.0011061946902655,0.4133367857300885
FL_2020_000198_SEN,0.41232494,0.42165159587048195,761.0,1.0012970168612192,0.41285973239948115
FL_2005_000129_SDN,0.4106537,0.5117558448034186,189.0,1.0050251256281406,0.41271728643216077
FL_2001_000180_IRN,0.41221243,0.29494988336809913,1293.0,1.0007674597083653,0.4125287864313124
FL_2004_000028_DOM,0.4120824,0.3183526836250712,1182.0,1.0008389261744965,0.4124281067114094
FL_2001_000485_KHM,0.4099452,0.5186661474425514,168.0,1.0056179775280898,0.4122482629213483
FL_2018_000154_GHA,0.41150862,0.42768679794503783,732.0,1.0013477088948788,0.4120632138274933
FL_2000_000438_KHM,0.41045347,0.4916311568584513,289.0,1.0033444816053512,0.41182622408026753
FL_2012_000039_CHL,0.41082227,0.4688632920026904,432.0,1.002262443438914,0.41175173214932126
FL_2007_000068_COL,0.41064972,0.4738783312506781,396.0,1.0024630541871922,0.41166117251231527
FL_1998_000392_IND,0.41124162,0.30698870028902603,1238.0,1.0008012820512822,0.4115711405288462
FL_2017_000002_MYS,0.41114187,0.3134101727800136,1209.0,1.0008203445447088,0.4114791479901559
FL_1997_000025_MWI,0.40930837,0.5013081582495851,242.0,1.003968253968254,0.41093260956349204
FL_2004_000142_ALB,0.4049683,0.5652268479169056,59.0,1.0144927536231885,0.4108374057971015
FL_2011_000180_PAN,0.41003394,0.4561722214319646,546.0,1.0017985611510791,0.4107714111151079
FL_2006_000172_COG,0.40988863,0.2811065594362109,1341.0,1.000740192450037,0.410192026469282
FL_2010_000003_KEN,0.40913424,0.4596804614818676,514.0,1.001908396946565,0.4099150305343512
FL_2003_000368_SDN,0.40755674,0.5200310510170943,164.0,1.0057471264367817,0.4098990201149425
FL_2003_000196_ARG,0.40908468,0.40385324255142496,846.0,1.0011682242990654,0.4095625826635514
FL_2007_000138_UGA,0.40885758,0.22849963701114695,1450.0,1.0006849315068493,0.4091376194383562
FL_2002_000755_CRI,0.4086879,0.3841141503509662,932.0,1.0010615711252655,0.4091217512738854
FL_2002_000522_KHM,0.40567702,0.5345875919790926,114.0,1.0080645161290323,0.40894860887096773
FL_2016_000061_RUS,0.4085764,0.3351053912191557,1101.0,1.0009000900090008,0.4089441555355535
FL_2007_000154_MEX,0.40743804,0.4974898052949691,263.0,1.0036630036630036,0.408930487032967
FL_2006_000192_IDN,0.4081027,0.34781530803591654,1054.0,1.0009398496240602,0.408486255169173
FL_2008_000158_PAN,0.4063756,0.5059991629595437,216.0,1.0044247787610618,0.40817372212389375
FL_2010_000107_PHL,0.40736884,0.40779097850471013,825.0,1.0011976047904192,0.4078567068742515
FL_2005_000065_GEO,0.40692577,0.444920994651554,634.0,1.0015527950310559,0.4075576423136646
FL_2017_000064_IND,0.40704644,0.3500850744481926,1041.0,1.0009514747859183,0.4074337344243578
FL_2002_000373_GHA,0.40674925,0.41686793635562447,776.0,1.0012722646310432,0.4072667426844784
FL_2020_000164_IND,0.4067527,0.3472014342149502,1058.0,1.000936329588015,0.407133554588015
FL_2006_000112_ETH,0.40623116,0.46545078233700754,462.0,1.0021186440677967,0.40709181923728815
FL_2002_000350_CHN,0.40649825,0.37704046656021906,962.0,1.0010288065843622,0.40691645807613175
FL_2021_000145_BEN,0.40561974,0.4706878363939909,419.0,1.0023310023310024,0.4065652405594406
FL_2002_000077_PER,0.40582663,0.44876142331603514,606.0,1.0016233766233766,0.4064854394642857
FL_2019_000079_BGD,0.40477455,0.4957595198287693,270.0,1.0035714285714286,0.40622017339285715
FL_2020_000128_KEN,0.40533802,0.4645802892650464,468.0,1.002092050209205,0.40618600748953976
FL_2018_000004_COD,0.40579087,0.3515631305134113,1034.0,1.0009578544061302,0.4061795585727969
FL_2009_000265_MAR,0.4035389,0.5249021909712588,148.0,1.0063291139240507,0.40609294367088605
FL_2014_000073_RUS,0.40567803,0.30313745172302015,1263.0,1.0007855459544384,0.40599670873527105
FL_1997_000137_CHL,0.40536773,0.443542968564151,646.0,1.0015243902439024,0.40598566861280483
FL_2015_000106_BFA,0.40524417,0.45009078266744995,591.0,1.0016638935108153,0.4059184531447588
FL_2008_000201_YEM,0.40516827,0.4438731299559951,642.0,1.0015337423312884,0.4057896937269939
FL_2010_000179_ETH,0.40495166,0.44827679782829893,610.0,1.0016129032258065,0.4056048078387097
FL_2013_000103_YEM,0.4047194,0.4611895285705264,499.0,1.0019646365422397,0.40551452652259334
FL_2012_000175_GMB,0.4040884,0.4832585629173638,336.0,1.0028901734104045,0.40525628554913296
FL_2020_000161_BGD,0.40031102,0.5582065058265318,73.0,1.0120481927710843,0.4051340443373494
FL_2007_000161_UGA,0.40418693,0.45067227973952023,588.0,1.0016722408026757,0.4048628278762542
FL_2009_000124_VNM,0.40393674,0.46795632063817094,440.0,1.0022222222222221,0.4048343772
FL_2012_000083_HND,0.40414172,0.4497898392607829,596.0,1.0016501650165017,0.40480862052805283
FL_2007_000003_PHL,0.40415806,0.41213552617964055,799.0,1.0012360939431397,0.40465763733003707
FL_2019_000015_PER,0.40330616,0.45196385699155905,576.0,1.0017064846416381,0.40399439576791807
FL_2014_000098_SDN,0.40189722,0.4747477823591749,388.0,1.0025125628140703,0.40290701201005025
FL_1999_000244_VNM,0.40213323,0.4588477964233921,524.0,1.0018726591760299,0.40288628848314606
FL_2019_000119_CMR,0.4021833,0.4037552554710395,847.0,1.0011668611435238,0.4026525920653442
FL_2018_000140_MLI,0.40214843,0.3412502708592407,1072.0,1.0009242144177448,0.40252010137707944
FL_2004_000036_MKD,0.40220368,0.28823282612748785,1318.0,1.0007530120481927,0.40250654421686743
FL_1997_000265_SOM,0.4018746,0.4017606398879231,857.0,1.0011534025374855,0.402338123183391
FL_2000_000444_IND,0.40186036,0.3172744243243242,1189.0,1.0008340283569641,0.4021955229357798
FL_2019_000108_MRT,0.40172487,0.337829614886257,1086.0,1.0009124087591241,0.40209140729014603
FL_2015_000011_PER,0.40108103,0.44950077554922,599.0,1.0016420361247949,0.4017396195402299
FL_2006_000031_PER,0.40078405,0.4605814912723074,504.0,1.0019455252918288,0.4015637855058366
FL_2012_000037_PSE,0.40108138,0.34243513216579313,1065.0,1.0009302325581395,0.4014544789581395
FL_2006_000029_NAM,0.40091148,0.4034773012600552,848.0,1.0011655011655012,0.4013787427972028
FL_2015_000123_NER,0.4007166,0.41721897187407647,773.0,1.0012771392081736,0.401228370881226
FL_2020_000154_CIV,0.40082768,0.3685231190333827,992.0,1.0009980039920159,0.40122770762475046
FL_2004_000094_CHN,0.40055957,0.34452015980873013,1061.0,1.0009337068160598,0.40093357520074696
FL_2007_000130_CIV,0.40044084,0.3652018138132404,999.0,1.0009910802775024,0.40083770901883053
FL_2008_000038_ARG,0.4001341,0.4250063558999373,743.0,1.00132802124834,0.40066548658698536
FL_2009_000113_CHN,0.39984608,0.41037452320905865,813.0,1.0012150668286757,0.400331919708384
FL_2006_000133_NER,0.39979035,0.41248355383594515,797.0,1.0012391573729864,0.4002857531598513
FL_2017_000134_CAF,0.3997071,0.09522371495003368,1512.0,1.0006570302233904,0.39996971964520367
FL_2005_000153_THA,0.39888918,0.47919129173720754,363.0,1.002680965147453,0.39995858798927614
FL_2006_000009_GUY,0.39938056,0.4009481854230398,862.0,1.0011467889908257,0.3998385652293578
FL_2001_000117_PER,0.39875293,0.4550532190133178,552.0,1.001779359430605,0.3994624547864769
FL_2013_000002_PSE,0.39912692,0.30846510618788436,1231.0,1.000805801772764,0.3994485371796938
FL_2004_000068_ROM,0.39723104,0.5180936650862402,173.0,1.005464480874317,0.39940170142076503
FL_2006_000123_SDN,0.39723313,0.5125759602449633,187.0,1.0050761421319796,0.3992495418274111
FL_2014_000089_IND,0.39881086,0.333567871227727,1112.0,1.000891265597148,0.399166306399287
FL_2007_000149_CMR,0.398723,0.38468741720276556,929.0,1.0010649627263046,0.39914762513312035
FL_2021_000108_SSD,0.39792246,0.4840795379318647,331.0,1.002932551319648,0.3990893880351906
FL_1993_000013_PHL,0.39836442,0.42205967776696457,759.0,1.0013003901170352,0.39888244915474647
FL_2022_000201_ZAF,0.3981282,0.40615369100891885,831.0,1.0011890606420928,0.3986015985731272
FL_2012_000110_IND,0.39822403,0.3244204295527182,1151.0,1.0008613264427217,0.3985670308871662
FL_2000_000583_LAO,0.39807728,0.28537531979892533,1329.0,1.0007468259895445,0.3983745744585511
FL_1999_000265_TCD,0.3979425,0.3011628895349695,1270.0,1.00078125,0.398253392578125
FL_2010_000119_PAN,0.39558724,0.5260481636365504,139.0,1.0067114093959733,0.39824218791946314
FL_2017_000139_ETH,0.39729688,0.4374471404599666,683.0,1.0014430014430014,0.39787017997113994
FL_1999_000413_CAF,0.3973874,0.08974127872231039,1515.0,1.0006557377049181,0.39764798190163936
FL_2009_000011_PHL,0.39709848,0.419988374379776,766.0,1.0012886597938144,0.3976102048453608
FL_2002_000445_VEN,0.39184475,0.5622168464319037,64.0,1.0135135135135136,0.3971399493243244
FL_2009_000095_TJK,0.39671588,0.3288113883179112,1135.0,1.000873362445415,0.39706235675109175
FL_2007_000158_TGO,0.39471242,0.5146535084058039,181.0,1.0052356020942408,0.3967789771727749
FL_2001_000521_TCD,0.39624727,0.2923697770471322,1306.0,1.000759878419453,0.3965483697492401
FL_2009_000234_PHL,0.39605898,0.4081847797061157,823.0,1.0012004801920769,0.39653444096038415
FL_2007_000127_MRT,0.3959077,0.3175878035618875,1185.0,1.000836820083682,0.3962390035146443
FL_2020_000029_TZA,0.3910874,0.560283968858148,69.0,1.0126582278481013,0.3960378734177215
FL_2012_000129_SDN,0.3900139,0.5668993236848443,57.0,1.0149253731343284,0.3958350029850747
FL_1998_000359_UKR,0.394822,0.4411822657586937,663.0,1.0014858841010401,0.39540865973254086
FL_2015_000153_IRQ,0.39455885,0.4591552650967926,521.0,1.0018832391713748,0.3953018986817326
FL_2013_000119_MRT,0.39466834,0.3591189301772795,1019.0,1.000971817298348,0.39505188551992226
FL_2007_000210_PHL,0.39457887,0.37801367951810905,956.0,1.0010351966873705,0.39498733673913045
FL_2004_000052_JPN,0.3934596,0.4910902374124185,292.0,1.0033112582781456,0.39476244635761587
FL_2007_000131_SEN,0.3930533,0.49613315483385345,269.0,1.003584229390681,0.3944620931899641
FL_2010_000120_BRA,0.39202553,0.5196264478940504,166.0,1.0056818181818181,0.3942529477840909
FL_2016_000124_COD,0.39374167,0.3971708707670333,877.0,1.0011273957158964,0.3941855726719279
FL_2010_000026_DOM,0.3937425,0.3189568061469381,1176.0,1.0008431703204048,0.394074491989882
FL_2001_000335_KOR,0.3859195,0.5798634127474943,39.0,1.0204081632653061,0.39379540816326536
FL_2019_000116_ETH,0.39286906,0.45681257720637025,539.0,1.0018214936247722,0.39358466848816026
FL_2013_000038_KEN,0.3927881,0.45904974507773627,522.0,1.0018796992481203,0.39352642349624056
FL_2013_000004_KEN,0.39281094,0.4516206920064608,579.0,1.0016977928692699,0.39347785161290316
FL_2003_000212_AZE,0.39285886,0.41199248702918345,802.0,1.001231527093596,0.39334267633004927
FL_2010_000046_MOZ,0.39285728,0.3711068089563415,985.0,1.0010050251256282,0.3932521114371859
FL_2021_000051_SOM,0.39224672,0.39150882096282774,903.0,1.0010952902519168,0.39267634400876233
FL_2016_000044_CHN,0.39217705,0.39079573289653097,905.0,1.0010928961748633,0.3926056587978142
FL_2015_000081_PHL,0.39216018,0.397142742466886,879.0,1.001124859392576,0.3926013050618673
FL_2018_000077_CIV,0.39206815,0.3472342570125243,1056.0,1.0009380863039399,0.392435943761726
FL_2011_000122_NER,0.39192426,0.4087071310550219,821.0,1.0012033694344165,0.3923958896750903
FL_2003_000204_KEN,0.39172113,0.44719840181925197,621.0,1.0015847860538827,0.3923419241838351
FL_2015_000009_ALB,0.38778916,0.5503688454092668,78.0,1.0113636363636365,0.39219585500000004
FL_2020_000190_NER,0.3913889,0.42607396539762155,740.0,1.0013333333333334,0.3919107518666667
FL_2005_000051_AGO,0.3911465,0.3969512258712758,881.0,1.001122334455668,0.3915854971941639
FL_2010_000021_AFG,0.39044222,0.48302509480315303,338.0,1.0028735632183907,0.39156418040229884
FL_2003_000020_MOZ,0.3907324,0.4644827615938143,472.0,1.0020746887966805,0.39154304813278007
FL_1997_000337_IND,0.39108133,0.3242217078971903,1153.0,1.000859845227859,0.39141759941530524
FL_1997_000140_AZE,0.39062575,0.41658966599869574,779.0,1.0012674271229405,0.39112083967046896
FL_1999_000247_KOR,0.3827051,0.5827509850819568,37.0,1.0212765957446808,0.39084776170212765
FL_2012_000075_VEN,0.38609242,0.5496927781124566,80.0,1.011111111111111,0.39038233577777776
FL_2011_000007_ZAF,0.38992122,0.3948175888455063,891.0,1.0011098779134295,0.3903539849500555
FL_2012_000063_RUS,0.38983354,0.32944255764843433,1134.0,1.0008741258741258,0.390174303583916
FL_2015_000065_GHA,0.38951066,0.41719327555775354,774.0,1.0012755102040816,0.39000748482142855
FL_2018_000112_GEO,0.389129,0.46708546467690554,446.0,1.0021929824561404,0.3899823530701755
FL_2001_000453_IRN,0.38847634,0.27171194438146345,1372.0,1.0007235890014472,0.38875743720694644
FL_2015_000161_ETH,0.38802147,0.45644270650484137,544.0,1.0018050541516246,0.38872186976534295
FL_2021_000061_MYS,0.38833436,0.321337033978925,1167.0,1.0008496176720476,0.3886642957349193
FL_2012_000003_BRA,0.38807243,0.4354364947267386,689.0,1.0014306151645207,0.3886276123032904
FL_2009_000216_ITA,0.3881154,0.362142018431043,1006.0,1.000984251968504,0.3884974033464567
FL_1997_000177_MMR,0.38804924,0.28906743989328343,1315.0,1.0007547169811322,0.38834210735094343
FL_2010_000102_CRI,0.38654262,0.5055830834844509,218.0,1.0043859649122806,0.388237982368421
FL_2014_000079_PHL,0.38777864,0.37662689445958447,964.0,1.0010266940451746,0.3881767700205339
FL_2007_000227_ZWE,0.38764447,0.3963587118963572,885.0,1.0011173184357542,0.3880775923128492
FL_2013_000125_BFA,0.3872277,0.4521003257154293,574.0,1.0017123287671232,0.387890761130137
FL_2001_000492_VNM,0.38668734,0.4480060342295603,615.0,1.0016,0.387306039744
FL_2016_000114_EGY,0.38697523,0.3136424668173913,1207.0,1.000821692686935,0.387293204716516
FL_2020_000199_MRT,0.38692516,0.33728957278783994,1090.0,1.000909090909091,0.38727691014545457
FL_2011_000042_COL,0.3855368,0.496394499070205,267.0,1.0036101083032491,0.3869286296028881
FL_2011_000176_LKA,0.3857267,0.4821011551790212,342.0,1.0028409090909092,0.38682251448863636
FL_2013_000013_BWA,0.38605967,0.42500227167571125,744.0,1.0013262599469497,0.38657168547745363
FL_2000_000302_CHN,0.38541234,0.4512800185665348,584.0,1.0016835016835017,0.3860611823232324
FL_2015_000092_BRA,0.38463226,0.4909416511723098,293.0,1.0033003300330032,0.3859016733993399
FL_2013_000070_IND,0.38527924,0.3218826250652743,1162.0,1.0008532423208192,0.3856079765529011
FL_2013_000101_LAO,0.3849145,0.288992057279505,1316.0,1.0007541478129713,0.38520478242835593
FL_2010_000194_VNM,0.3846136,0.43202439686235194,715.0,1.0013793103448276,0.3851441015172414
FL_2005_000002_GUY,0.38466698,0.3929156329024509,897.0,1.0011025358324146,0.3850910891289967
FL_2007_000122_VNM,0.38444293,0.450040918104954,592.0,1.0016611295681064,0.38508153951827245
FL_1999_000160_PER,0.38403833,0.44185428773653945,660.0,1.001492537313433,0.3846115215373134
FL_2000_000012_MOZ,0.38407344,0.43035890311388403,722.0,1.0013661202185793,0.3845981304918033
FL_2001_000019_MOZ,0.38393497,0.4517499220217851,578.0,1.001700680272109,0.38458792062925173
FL_2008_000185_SOM,0.38374764,0.4218432503353083,760.0,1.0012987012987014,0.38424601355844157
FL_2017_000010_PHL,0.38378108,0.3842160987072943,931.0,1.0010626992561105,0.3841889238682253
FL_2013_000142_VNM,0.38351473,0.4430863706403628,652.0,1.001510574018127,0.384094057386707
FL_2010_000150_MEX,0.38283885,0.48859309310971083,303.0,1.0031948881789137,0.38406197731629393
FL_2020_000237_LKA,0.38100928,0.5325380430912627,121.0,1.0076335877862594,0.38391774778625953
FL_2003_000051_PER,0.3830651,0.4592404127249232,520.0,1.0018867924528303,0.3837878643396227
FL_2001_000417_SDN,0.3792542,0.5581016202094221,74.0,1.0119047619047619,0.3837691309523809
FL_2021_000096_PAN,0.382571,0.485988347374211,316.0,1.0030674846625767,0.3837445306748466
FL_2011_000190_AGO,0.3831875,0.40585675575663277,833.0,1.0011862396204034,0.38364205219454334
FL_2009_000239_BRA,0.3831009,0.4248577561818591,746.0,1.0013227513227514,0.3836076472222223
FL_2013_000104_MLI,0.38281798,0.37312026206145094,974.0,1.0010162601626016,0.3832070226626016
FL_2021_000038_KEN,0.38244998,0.4584695913535504,526.0,1.001865671641791,0.3831635060820896
FL_2012_000066_COM,0.3827052,0.36873454383730087,991.0,1.000999000999001,0.38308752287712294
FL_2009_000140_MNG,0.3826716,0.36512711780675766,1000.0,1.000990099009901,0.3830504827722772
FL_2006_000115_HTI,0.38263977,0.23940629300660854,1431.0,1.0006939625260236,0.3829053076613463
FL_2008_000117_ROM,0.38245767,0.31391683375818324,1204.0,1.0008237232289952,0.3827727092668864
FL_1994_000007_VNM,0.38210535,0.4525930301150113,569.0,1.001727115716753,0.3827652901554405
FL_2010_000139_SDN,0.38094294,0.5079168276009516,208.0,1.0045871559633028,0.3826903846788991
FL_2000_000258_IDN,0.38201424,0.35046201120756454,1040.0,1.000952380952381,0.3823780630857143
FL_2007_000144_LBR,0.38176975,0.4462608752250055,625.0,1.0015748031496063,0.38237096220472444
FL_1999_000259_KHM,0.3778007,0.5440666715554923,90.0,1.01,0.381578707
FL_1999_000235_IRN,0.38115633,0.26203729543786125,1389.0,1.0007147962830594,0.38142877912794854
FL_2012_000153_IDN,0.38098723,0.3634728802126639,1005.0,1.000985221674877,0.3813625868768473
FL_2012_000151_TCD,0.38096046,0.27113818088780084,1374.0,1.0007225433526012,0.38123572044797693
FL_2007_000147_NER,0.3806173,0.43234120556629574,713.0,1.0013831258644537,0.38114374163208853
FL_2001_000025_MWI,0.37947282,0.48708156446733136,309.0,1.0031347962382444,0.380662389968652
FL_2019_000118_SEN,0.3797424,0.4609855167313465,500.0,1.0019607843137255,0.38048699294117644
FL_2008_000198_BLZ,0.38011357,0.30618200670259277,1246.0,1.000796178343949,0.38041620819267513
FL_2006_000018_IRQ,0.3797647,0.4454973125177645,629.0,1.001564945226917,0.3803590109546166
FL_2011_000107_MMR,0.37993068,0.3200708438606662,1170.0,1.0008474576271187,0.3802526551525424
FL_2019_000136_SLV,0.37676528,0.5390464240344957,99.0,1.0091743119266054,0.3802218422018348
FL_2000_000191_HUN,0.37967208,0.30672264916269354,1243.0,1.0007980845969673,0.37997509043894656
FL_2006_000121_MKD,0.37961042,0.27920763118047365,1345.0,1.0007380073800738,0.37989057529151293
FL_2020_000019_MDG,0.37763977,0.5206819746143316,160.0,1.0058823529411764,0.3798611804117647
FL_2019_000014_MWI,0.3785929,0.4642212700228534,477.0,1.002053388090349,0.3793702981519507
FL_2006_000156_TUR,0.37884682,0.42957133281403476,724.0,1.0013623978201636,0.37936296008174386
FL_2002_000321_HTI,0.37896585,0.2196982130472931,1470.0,1.0006756756756756,0.3792219080067567
FL_2014_000070_LKA,0.37825513,0.46975044181081954,426.0,1.0022935779816513,0.37912268763761464
FL_2012_000123_PRK,0.37791178,0.48645453939156513,313.0,1.0030959752321982,0.3790817855108359
FL_2009_000133_ZAF,0.3784123,0.4041095381296229,843.0,1.0011723329425557,0.37885592520515826
FL_2007_000153_GHA,0.3781009,0.4536958014950693,563.0,1.0017452006980803,0.37876076195462477
FL_2012_000157_CMR,0.3782791,0.40487741937291344,837.0,1.001180637544274,0.3787257105076742
FL_2013_000087_MMR,0.37795752,0.31366274239287173,1206.0,1.0008223684210527,0.37826834032894735
FL_2002_000402_BGD,0.37676913,0.49699271223835184,265.0,1.0036363636363637,0.3781391995636364
FL_2007_000106_IDN,0.3775529,0.342747089607343,1063.0,1.0009319664492078,0.37790476663560113
FL_2021_000092_CRI,0.37747467,0.37629208634036543,966.0,1.0010245901639345,0.37786142683401647
FL_2011_000204_PHL,0.3772214,0.3802979779281343,947.0,1.0010449320794148,0.3776155707419018
FL_2017_000091_MMR,0.377205,0.2952831700324405,1292.0,1.0007680491551458,0.3774947119815668
FL_2009_000242_IRQ,0.37690616,0.44045041844450056,666.0,1.0014792899408285,0.3774637134911243
FL_2014_000054_TJK,0.3769017,0.331293793359109,1124.0,1.0008818342151675,0.3772340648148148
FL_2011_000135_THA,0.376135,0.476267758707809,376.0,1.0025906735751295,0.37710944300518134
FL_2007_000123_NGA,0.37672147,0.3607992791265793,1012.0,1.0009784735812133,0.37709008200587085
FL_2001_000274_WSM,0.37674156,0.29410892881265216,1297.0,1.0007651109410864,0.37702980908951794
FL_2019_000011_IDN,0.3765953,0.35688835583735834,1025.0,1.0009661835748793,0.3769591601932368
FL_2006_000178_JAM,0.3711934,0.5675956303901746,56.0,1.0151515151515151,0.3768175424242424
FL_2007_000088_ECU,0.37588465,0.47060399942413994,420.0,1.0023255813953489,0.37675880034883724
FL_2018_000065_TJK,0.37628323,0.33037824534232274,1131.0,1.0008764241893076,0.3766130137248028
FL_2007_000086_PAN,0.37599647,0.4392038691543083,677.0,1.0014556040756915,0.3765437719941776
FL_2012_000210_MWI,0.37572592,0.45518293311566754,550.0,1.0017857142857143,0.37639685914285714
FL_1999_000548_YEM,0.3749125,0.4949769631570896,276.0,1.0034965034965035,0.37622338286713286
FL_2002_000788_LKA,0.37238014,0.5416888957517798,95.0,1.0095238095238095,0.3759266175238095
FL_2011_000133_MEX,0.37521774,0.4573572657713967,535.0,1.001834862385321,0.3759062129174312
FL_2013_000108_SSD,0.37483,0.48236708520598864,340.0,1.002857142857143,0.3759009428571429
FL_2010_000208_RUS,0.37539798,0.30855103775235104,1228.0,1.0008077544426495,0.3757012093861067
FL_2019_000064_SDN,0.3720649,0.5392731127376948,97.0,1.0093457943925233,0.3755421420560747
FL_2016_000123_DOM,0.37515652,0.31640634549429314,1195.0,1.0008298755186722,0.37546785321161824
FL_2002_000482_RUS,0.3750915,0.3383892405543688,1082.0,1.000915750915751,0.3754349903846154
FL_2012_000051_TJK,0.37496632,0.35713102913038086,1024.0,1.0009671179883946,0.3753289566731141
FL_1995_000012_PHL,0.37472066,0.41932042006414,769.0,1.0012836970474968,0.375201687804878
FL_2011_000123_RUS,0.37474978,0.31879558801752184,1177.0,1.0008424599831507,0.3750654916933445
FL_2008_000205_IDN,0.37451202,0.3565692497762026,1026.0,1.000965250965251,0.3748735180888031
FL_2009_000010_FJI,0.37354475,0.4916316258996633,288.0,1.0033557046979866,0.3747982558724832
FL_1999_000574_VNM,0.37294137,0.4818925690147839,343.0,1.0028328611898016,0.3739978611331444
FL_2010_000051_KAZ,0.37341398,0.2584305471853121,1392.0,1.0007132667617689,0.3736803237803138
FL_2020_000212_KHM,0.37214637,0.5026409353427809,237.0,1.0040485829959513,0.37365303546558704
FL_1997_000522_MDA,0.37332213,0.30828509362007406,1233.0,1.000804505229284,0.37362246960579243
FL_2003_000316_IND,0.37331182,0.30130005877317556,1268.0,1.0007824726134584,0.3736039262754303
FL_1999_000324_HND,0.3727587,0.4666462485691848,450.0,1.0021739130434784,0.37356904500000004
FL_2016_000102_SEN,0.37308502,0.414182503863647,788.0,1.0012531328320802,0.3735525450877193
FL_2020_000038_EGY,0.37325683,0.304060977152177,1256.0,1.0007898894154819,0.3735516616192733
FL_2008_000103_SLV,0.3674128,0.5688038987131239,53.0,1.0158730158730158,0.37324474920634915
FL_2010_000262_ECU,0.37199414,0.4900126089559398,299.0,1.0032362459546926,0.3731980045307443
FL_2017_000078_NER,0.3726181,0.42451347543781315,748.0,1.0013192612137203,0.3731096806068602
FL_2016_000060_IND,0.37245923,0.33038945638790035,1130.0,1.000877192982456,0.37278594862280695
FL_2009_000121_CZE,0.3724643,0.2726246563655649,1368.0,1.0007256894049348,0.3727345933962265
FL_2018_000046_RUS,0.37199995,0.31963466909989846,1172.0,1.0008460236886634,0.3723146707698816
FL_2008_000191_SLV,0.36344117,0.5937213098628361,32.0,1.0238095238095237,0.37209453119047614
FL_2019_000067_UGA,0.37174767,0.2227089003069332,1460.0,1.0006802721088435,0.3720005595714285
FL_2021_000110_YEM,0.3700286,0.49392890352976127,278.0,1.0034722222222223,0.3713134215277778
FL_2010_000249_IND,0.3708384,0.3360614479505304,1098.0,1.0009025270758123,0.37117309169675095
FL_2015_000145_SOM,0.37040883,0.4418961580910804,659.0,1.0014947683109119,0.370962505381166
FL_2018_000144_PRK,0.36914724,0.5053220774652123,221.0,1.0043290043290043,0.37074527999999995
FL_2002_000510_MEX,0.36902827,0.5083287243489186,205.0,1.0046511627906978,0.3707446805581396
FL_2017_000174_ALB,0.36769798,0.5304416460822496,128.0,1.0072463768115942,0.37036245811594204
FL_2019_000093_NGA,0.36986846,0.3574633188431048,1021.0,1.0009699321047527,0.37022720729388947
FL_2013_000006_IDN,0.36988312,0.3161900671522805,1197.0,1.0008285004142503,0.3701895683181442
FL_2000_000002_AGO,0.36945784,0.4138975832801126,789.0,1.0012515644555695,0.36992024030037546
FL_2015_000079_CRI,0.36909068,0.3871010052445,918.0,1.0010775862068966,0.3694884070258621
FL_2016_000011_TZA,0.3676022,0.5107436369180278,196.0,1.0048543689320388,0.36938667669902914
FL_2009_000129_CAF,0.36887184,0.09806735398015623,1510.0,1.000657894736842,0.3691145188421053
FL_2015_000131_SLE,0.36552358,0.5421098205243136,94.0,1.0096153846153846,0.3690382298076923
FL_2008_000069_CHL,0.36799577,0.48105599176215963,349.0,1.0027855153203342,0.36902082785515317
FL_2016_000071_LBR,0.36841327,0.4279257360574408,731.0,1.001349527665317,0.36891045390013494
FL_2022_000207_VEN,0.3657934,0.535290551702188,109.0,1.0084033613445378,0.368867294117647
FL_2007_000145_ETH,0.3683151,0.434187567584266,697.0,1.0014144271570014,0.36883605487977367
FL_2022_000213_IND,0.36850753,0.3208458488928442,1168.0,1.000848896434635,0.3688203547283532
FL_2014_000115_NER,0.36830807,0.4138498516138437,790.0,1.00125,0.3687684550875
FL_2020_000172_MMR,0.36848897,0.284350538521963,1334.0,1.0007440476190477,0.36876314334077387
FL_1998_000112_TZA,0.36710548,0.5072522450067832,212.0,1.0045045045045045,0.36875910828828823
FL_2015_000085_VEN,0.36573327,0.5348010333771974,113.0,1.008130081300813,0.36870671121951215
FL_2005_000100_KGZ,0.3682939,0.301442176990171,1267.0,1.0007830853563038,0.368582305559906
FL_2016_000097_PRK,0.36632034,0.5239549337855511,153.0,1.0061349693251533,0.36856770404907974
FL_2017_000126_NGA,0.36809683,0.3726882403917534,979.0,1.0010111223458038,0.36846902093023254
FL_2015_000093_GUY,0.36798608,0.37942407995517924,951.0,1.0010405827263267,0.3683689999583767
FL_1999_000240_SRB,0.36792743,0.37701325459636537,963.0,1.0010277492291881,0.36830556713257967
FL_2006_000130_KHM,0.3672739,0.4778259011029363,370.0,1.0026315789473683,0.36824041026315785
FL_2007_000221_KEN,0.36722198,0.48059491590619885,352.0,1.0027624309392265,0.368236405359116
FL_2013_000050_ETH,0.36737612,0.4483723648447729,609.0,1.001615508885299,0.3679696193861066
FL_2011_000063_HTI,0.36765444,0.22595438896251993,1455.0,1.0006825938566553,0.3679053986621161
FL_2011_000164_CAF,0.36761385,0.13336039677726613,1497.0,1.0006635700066357,0.3678577875248839
FL_2011_000124_ETH,0.3672353,0.4504116639363357,589.0,1.001669449081803,0.3678483806343906
FL_2008_000024_PHL,0.36739087,0.41020335845053046,816.0,1.0012106537530265,0.3678356531355932
FL_2009_000032_SLB,0.36744505,0.38029234002935586,948.0,1.001043841336117,0.36782860433194153
FL_2001_000450_THA,0.36653504,0.45502922149774344,553.0,1.0017761989342806,0.36718607914742446
FL_2002_000026_SEN,0.36294147,0.5499542088450646,79.0,1.0112359550561798,0.36701946404494384
FL_2019_000051_LBY,0.366667,0.2506269350771184,1408.0,1.0007052186177716,0.3669255803949225
FL_2021_000078_GTM,0.36430237,0.5296055831428201,132.0,1.0070422535211268,0.3668678796478873
FL_2018_000165_CRI,0.36645633,0.3828226090044141,936.0,1.0010570824524312,0.36684370455602533
FL_2006_000041_SRB,0.36631072,0.3782422443400477,955.0,1.0010362694300519,0.3666903166010363
FL_2014_000004_COL,0.3661108,0.43164739723526246,717.0,1.0013755158184319,0.36661439119669875
FL_2006_000085_UKR,0.36584562,0.44329494810658043,649.0,1.0015174506828528,0.36640077268588767
FL_2001_000146_AGO,0.36587405,0.4080744559901561,824.0,1.001199040767386,0.36631274790167867
FL_2018_000360_RUS,0.36576736,0.3166080659177093,1191.0,1.0008326394671108,0.3660719123397169
FL_2021_000213_STP,0.3558736,0.6776667898897206,25.0,1.0285714285714285,0.3660414171428571
FL_2016_000019_HTI,0.3656909,0.22101331738487667,1467.0,1.000677048070413,0.3659384903182126
FL_1997_000092_ECU,0.36521822,0.4453653595963627,630.0,1.0015625,0.36578887346874994
FL_2002_000808_MWI,0.36475307,0.4815970276848344,345.0,1.0028169014084507,0.36578054343661975
FL_2013_000116_NGA,0.36541247,0.3604610591929098,1014.0,1.0009765625,0.3657693181152344
FL_2010_000076_COL,0.36492893,0.444018510142531,641.0,1.001536098310292,0.3654894967127496
FL_2019_000171_LKA,0.36460197,0.45938711405383603,518.0,1.0018939393939394,0.3652925040340909
FL_2022_000336_VNM,0.3647091,0.4343194775431059,694.0,1.0014204545454546,0.36522715269886363
FL_2013_000145_COL,0.36400986,0.4869585620993672,312.0,1.0031055900621118,0.3651403254037267
FL_2005_000103_SLV,0.3579716,0.5791889648728514,41.0,1.0196078431372548,0.36499065098039213
FL_2015_000042_RWA,0.3645744,0.2260789126964519,1454.0,1.0006830601092895,0.3648234262295082
FL_2000_000617_BGD,0.36266336,0.5171408923140326,174.0,1.0054347826086956,0.3646343565217391
FL_2015_000088_IRN,0.3640504,0.28694552474963153,1321.0,1.0007513148009015,0.36432391645379414
FL_2009_000267_SRB,0.3638785,0.3604895063115166,1013.0,1.0009775171065494,0.36423419745845553
FL_2013_000123_CMR,0.3636803,0.4020984315858676,856.0,1.0011547344110854,0.3641002541570439
FL_2014_000107_MMR,0.36367676,0.2772832240577619,1352.0,1.000734214390602,0.3639437767107195
FL_1999_000031_LKA,0.3627724,0.474362615850511,390.0,1.0025,0.363679331
FL_2018_000124_MMR,0.36280757,0.2966375645680392,1284.0,1.000772797527048,0.3630879467928903
FL_2013_000074_HTI,0.3626867,0.24017303850461694,1429.0,1.0006949270326615,0.3629387407922168
FL_2008_000217_KEN,0.36186787,0.4811674125276435,347.0,1.0028011204481793,0.36288150549019604
FL_2021_000043_YEM,0.362392,0.4087161786718715,820.0,1.0012048192771084,0.36282861686746987
FL_2008_000239_NIC,0.36220813,0.22170993034208106,1465.0,1.000677966101695,0.36245369483389833
FL_2020_000185_PAK,0.36213198,0.29182153840554126,1307.0,1.0007593014426728,0.36240694733485196
FL_2016_000122_SRB,0.36214894,0.11847937472972897,1501.0,1.00066181336863,0.3623886150099272
FL_2005_000064_ETH,0.36156127,0.45456401001187724,557.0,1.001763668430335,0.36219894419753085
FL_2000_000476_NPL,0.36172298,0.32715998092685605,1142.0,1.0008680555555556,0.36203697564236115
FL_1998_000247_IRN,0.36158106,0.28123660808515044,1340.0,1.0007407407407407,0.36184889782222224
FL_1991_000009_VNM,0.3608836,0.4393891298045457,675.0,1.0014598540145985,0.36141043737226275
FL_2022_000312_BGR,0.36099327,0.38839589748453024,915.0,1.001081081081081,0.3613835329945946
FL_2014_000152_ETH,0.36049223,0.46677230199996794,447.0,1.0021881838074398,0.3612810532603939
FL_2016_000080_BFA,0.36058295,0.46029641908844254,509.0,1.001926782273603,0.3612777148362235
FL_2005_000070_YEM,0.35975114,0.5016860027201342,241.0,1.00398406374502,0.36118441147410363
FL_2019_000022_IRN,0.36065644,0.3032417939798724,1261.0,1.000786782061369,0.3609401980173092
FL_2005_000109_PRK,0.35952264,0.49817350696452645,260.0,1.0037037037037038,0.36085420533333334
FL_2001_000252_ECU,0.3584504,0.5112762815893984,191.0,1.0049751243781095,0.3602337353233831
FL_2011_000005_HND,0.3595223,0.43719523621373246,685.0,1.0014388489208632,0.3600395982733813
FL_2021_000097_BGD,0.3584562,0.4951327087005962,274.0,1.0035211267605635,0.3597183697183099
FL_2008_000191_CRI,0.3590138,0.4247310342225938,747.0,1.0013210039630118,0.35948805865257594
FL_2005_000017_VEN,0.35881802,0.43318500851928665,705.0,1.0013986013986014,0.3593198633846154
FL_2005_000081_CHN,0.3587355,0.3995176740633506,865.0,1.0011428571428571,0.3591454834285714
FL_2010_000136_YEM,0.35873294,0.2779771985956241,1350.0,1.000735294117647,0.3589967142205882
FL_2013_000141_SOM,0.35837796,0.4114542571449699,806.0,1.0012254901960784,0.3588171486764706
FL_2006_000034_ECU,0.35795215,0.46423547439635526,476.0,1.0020576131687242,0.35868867705761315
FL_2006_000158_PRK,0.35528144,0.5391124947670045,98.0,1.0092592592592593,0.358571082962963
FL_2011_000156_HTI,0.35828018,0.22645366108558573,1452.0,1.0006839945280437,0.3585252416826265
FL_2019_000100_MLI,0.35777777,0.3819485348863322,939.0,1.0010537407797682,0.3581547750263435
FL_2022_000356_ETH,0.35742015,0.44447142552414315,640.0,1.0015384615384615,0.3579700271538461
FL_2016_000072_SDN,0.35088152,0.5795846290642133,40.0,1.02,0.35789915040000003
FL_2013_000159_VCT,0.35695308,0.4487712557045646,605.0,1.0016260162601627,0.3575334915121951
FL_2009_000087_VUT,0.35724485,0.2991130302641303,1275.0,1.0007782101167315,0.3575228615564202
FL_2016_000042_KEN,0.35657787,0.47338215198917677,398.0,1.0024509803921569,0.3574518353676471
FL_2013_000083_THA,0.35640326,0.4655919226385042,460.0,1.0021276595744681,0.35716156480851063
FL_2018_000414_IRQ,0.35638756,0.44893012426926365,604.0,1.001628664495114,0.3569679957654723
FL_2021_000147_THA,0.35603,0.47083101200709976,415.0,1.0023529411764707,0.3568677176470589
FL_2019_000156_DJI,0.3564809,0.3721138500805687,980.0,1.001010101010101,0.35684098171717166
FL_2003_000273_TJK,0.35654065,0.3185070516729308,1181.0,1.0008396305625524,0.35684001242653235
FL_2013_000017_PNG,0.35642368,0.35066830430933116,1039.0,1.0009532888465205,0.3567634547187798
FL_2008_000155_CHL,0.3553291,0.4756521190901976,382.0,1.0025510204081634,0.3562355517857143
FL_2015_000064_IND,0.35584238,0.3483223133675692,1051.0,1.000942507068803,0.3561777639585297
FL_2010_000225_PAN,0.351799,0.5442345294901544,89.0,1.0101010101010102,0.35535252525252525
FL_2010_000036_CYP,0.34959546,0.570793911517202,51.0,1.0163934426229508,0.35532653311475415
FL_1999_000213_IND,0.35498786,0.33245124366624856,1120.0,1.0008849557522124,0.35530200854867255
FL_2019_000020_COL,0.3545171,0.43993689929274726,672.0,1.001466275659824,0.3550369197947214
FL_2013_000011_ZWE,0.35432976,0.18763011460808335,1490.0,1.0006666666666666,0.35456597984
FL_2021_000126_MYS,0.354227,0.3384831257295202,1081.0,1.000916590284143,0.35455168102658113
FL_2010_000031_PRT,0.35374492,0.40157241397513754,859.0,1.001150747986191,0.3541519912543153
FL_2001_000082_ZWE,0.35390297,0.1794768805933135,1493.0,1.0006653359946773,0.3541384343845642
FL_2019_000153_COD,0.3536826,0.38890816319891025,912.0,1.0010845986984815,0.3540662036876356
FL_1990_000004_VNM,0.35330915,0.44116242502319875,664.0,1.0014836795252227,0.35383334755192886
FL_2013_000041_GHA,0.35317796,0.43222871266431195,714.0,1.0013812154696133,0.3536657748618785
FL_2007_000129_PAK,0.35249054,0.48384632291818575,334.0,1.002906976744186,0.3535152218023256
FL_1997_000255_KEN,0.35276505,0.4499485489619085,595.0,1.0016528925619834,0.3533481327272727
FL_2011_000045_GTM,0.35182047,0.5051319004628104,222.0,1.0043103448275863,0.35333693754310347
FL_2020_000202_GIN,0.35308513,0.24993114270326483,1410.0,1.0007042253521128,0.35333378150000005
FL_2007_000011_ZMB,0.3528005,0.41140477571962786,807.0,1.0012239902080784,0.3532323243574052
FL_2002_000225_ETH,0.35251385,0.4482295994528095,612.0,1.0016077170418007,0.35308059252411583
FL_2020_000126_ETH,0.35250363,0.4341781998767949,698.0,1.0014124293785311,0.3530015164830509
FL_2012_000030_KAZ,0.35236347,0.24854480522594197,1414.0,1.0007022471910112,0.35261091625702246
FL_2015_000055_TJK,0.35220355,0.3418831057061308,1066.0,1.0009293680297398,0.3525308767193308
FL_2021_000055_TJK,0.35208178,0.32969129655158325,1133.0,1.0008748906386702,0.35238981305336836
FL_2014_000162_LKA,0.35053802,0.5144135036747365,182.0,1.0052083333333333,0.35236373885416666
FL_2011_000115_KEN,0.3513523,0.46045757392321085,507.0,1.001934235976789,0.3520318982591876
FL_2006_000047_COD,0.35155207,0.37879767331351877,952.0,1.001039501039501,0.35191750874220373
FL_2013_000051_ECU,0.3512774,0.45273946751122224,568.0,1.0017301038062283,0.351885146366782
FL_2010_000115_MMR,0.35128355,0.2861489652899277,1325.0,1.000749063670412,0.35154668374531833
FL_2010_000092_LKA,0.35082006,0.4643772512769942,475.0,1.002061855670103,0.3515434003298969
FL_2012_000098_GTM,0.34902024,0.5301953481031529,129.0,1.0071942446043165,0.35153117697841724
FL_2008_000170_DOM,0.3507883,0.3084679152180972,1230.0,1.0008064516129032,0.35107119379032253
FL_2011_000106_GHA,0.35061103,0.41087761602605644,811.0,1.0012180267965896,0.35103808362971983
FL_2013_000024_MKD,0.35043493,0.302292792245983,1266.0,1.000783699059561,0.3507095655250783
FL_2016_000054_HTI,0.35044616,0.2123031463345575,1480.0,1.0006711409395974,0.3506813587651007
FL_2009_000206_HTI,0.35040432,0.2486280495706218,1413.0,1.000702740688686,0.3506505633731553
FL_2012_000205_LKA,0.3495536,0.48642634255818923,314.0,1.0030864197530864,0.3506324691358025
FL_2018_000425_LKA,0.34983087,0.4682735217994025,437.0,1.0022371364653244,0.3506134893959732
FL_1999_000286_GMB,0.34859896,0.5143638080507515,183.0,1.005181347150259,0.3504051722279793
FL_2008_000086_MEX,0.34941977,0.4796529991087172,358.0,1.002717391304348,0.35036928024456526
FL_2006_000155_LKA,0.34769836,0.531558959838041,123.0,1.0075187969924813,0.35031263338345864
FL_2005_000132_MKD,0.34986234,0.29445060738638396,1295.0,1.0007662835249043,0.35013043374712643
FL_2017_000095_GHA,0.34965265,0.3977910545155733,873.0,1.001132502831257,0.35004863261608155
FL_2009_000178_GIN,0.34977025,0.23946414521562456,1430.0,1.0006944444444446,0.3500131460069445
FL_2021_000204_BRA,0.34432414,0.5707605631600964,52.0,1.0161290322580645,0.3498777551612903
FL_2009_000177_GMB,0.34682524,0.5365898709322839,106.0,1.0086206896551724,0.34981511275862065
FL_2020_000125_TZA,0.34810638,0.5073692741103234,211.0,1.004524886877828,0.3496815219909502
FL_1998_000219_KOR,0.34183663,0.5885608914420627,34.0,1.0227272727272727,0.3496056443181818
FL_2019_000009_ARG,0.3489403,0.4003041419710537,863.0,1.0011454753722795,0.3493400025200458
FL_2021_000049_RWA,0.34900835,0.2171118633217714,1474.0,1.0006738544474394,0.349243530828841
FL_1999_000233_SVK,0.34879243,0.318604616734744,1179.0,1.0008410428931875,0.3490857793944491
FL_2003_000647_TLS,0.34883827,0.2434617917988371,1423.0,1.0006978367062107,0.34908170214933704
FL_2009_000135_MEX,0.3481757,0.4748513453406938,386.0,1.0025252525252526,0.3490549315656566
FL_2010_000245_MAR,0.34502727,0.5541993374283111,76.0,1.0116279069767442,0.349039215
FL_2007_000181_HTI,0.34872103,0.2226271323648294,1461.0,1.0006798096532972,0.3489580939225017
FL_2002_000641_THA,0.34788933,0.4853533345241501,324.0,1.0029940119760479,0.34893091482035926
FL_2008_000054_THA,0.34847975,0.27433967512004126,1362.0,1.000728862973761,0.34873374398688045
FL_2012_000067_RWA,0.34839547,0.23728874535979427,1437.0,1.0006910850034554,0.3486362408845888
FL_2005_000110_BIH,0.34319764,0.5667686493789219,58.0,1.0147058823529411,0.34824466411764704
FL_2018_000164_HND,0.34743202,0.4659847159346177,458.0,1.0021367521367521,0.3481743961111111
FL_2021_000095_MMR,0.34780765,0.2909863039617683,1309.0,1.0007581501137226,0.34807134040940113
FL_2002_000125_ECU,0.34737763,0.4544558312633037,558.0,1.0017605633802817,0.347989210334507
FL_2007_000155_ROM,0.34542412,0.5312361383309911,126.0,1.0073529411764706,0.3479640032352941
FL_2015_000113_PRK,0.341435,0.577795918962636,43.0,1.0188679245283019,0.3478771698113207
FL_2009_000031_DOM,0.34740904,0.2970632525994042,1282.0,1.0007739938080495,0.34767793244582046
FL_2010_000152_THA,0.34596026,0.4870023126809466,311.0,1.0031152647975077,0.34703801781931465
FL_2021_000134_NPL,0.34671384,0.30855075139496635,1229.0,1.0008071025020178,0.3469936736077482
FL_2004_000055_TJK,0.34648967,0.32708176476070616,1143.0,1.0008673026886383,0.34679018142237644
FL_1998_000085_IRN,0.34647566,0.2841676646173569,1335.0,1.0007434944237918,0.3467332627211896
FL_2006_000045_HUN,0.3463588,0.3727140051302722,978.0,1.0010121457489878,0.3467093655870445
FL_2009_000179_LBR,0.34623426,0.4243062122549929,752.0,1.0013123359580052,0.3466886356692913
FL_2022_000261_GEO,0.3459611,0.4605307309990653,505.0,1.0019417475728156,0.34663286912621366
FL_1997_000166_ROM,0.34602556,0.45416858516494274,560.0,1.0017543859649123,0.34663262238596493
FL_2009_000218_KEN,0.345633,0.4648608834707316,467.0,1.0020964360587001,0.34635759748427675
FL_2012_000056_PRY,0.3450832,0.49266916183285797,282.0,1.0034246575342465,0.3462649917808219
FL_2000_000265_COL,0.34567785,0.44967170421509595,597.0,1.00164744645799,0.34624733574958816
FL_2007_000228_LKA,0.34419262,0.5186123444619122,169.0,1.005586592178771,0.3461154837988827
FL_2006_000151_PAN,0.34511846,0.45147542774365446,582.0,1.0016891891891893,0.34570143037162165
FL_2007_000139_KEN,0.3450223,0.44483372390485654,637.0,1.001545595054096,0.3455555647604328
FL_2022_000348_CRI,0.34467554,0.4755632179660804,383.0,1.0025445292620865,0.34555257699745545
FL_2008_000197_COL,0.3446917,0.4565088834078882,542.0,1.0018115942028984,0.3453161414855072
FL_2009_000100_DOM,0.34492815,0.3380622621135845,1083.0,1.000914913083257,0.34524372927721864
FL_2016_000130_VCT,0.34258795,0.5323159079469881,122.0,1.0075757575757576,0.34518331325757573
FL_2012_000173_SOM,0.34440976,0.46599796041865016,457.0,1.0021413276231264,0.3451472541327623
FL_2010_000023_ECU,0.34444535,0.4636591877666255,482.0,1.0020325203252032,0.3451454421747967
FL_2010_000162_HND,0.34462452,0.18445105415020324,1492.0,1.0006657789613849,0.34485396375499333
FL_2006_000013_MWI,0.34394264,0.4426431032306356,654.0,1.0015060240963856,0.3444606259036145
FL_2011_000084_IND,0.3441797,0.30015161080789043,1272.0,1.000780031201248,0.34444817090483615
FL_2020_000213_LAO,0.34412378,0.2747252746052033,1360.0,1.0007299270072993,0.3443749652408759
FL_2010_000041_SOM,0.3439878,0.38769699883133946,916.0,1.0010799136069115,0.3443592771058316
FL_2011_000137_VNM,0.34363753,0.462519937000632,488.0,1.002008032128514,0.34432756520080327
FL_2022_000332_BEN,0.3434843,0.46619845196603016,452.0,1.0021645021645023,0.34422777251082254
FL_1999_000428_VNM,0.34351352,0.4214738565235145,762.0,1.0012953367875648,0.3439584856994819
FL_2017_000053_THA,0.34307247,0.4659998401158233,456.0,1.002145922746781,0.3438086770171674
FL_2004_000120_CRI,0.34317937,0.3908767965395025,904.0,1.00109409190372,0.3435548397702407
FL_1999_000053_PHL,0.3428928,0.4011850438974877,861.0,1.0011481056257177,0.34328647715269806
FL_2008_000232_CRI,0.34288007,0.3900768602301299,909.0,1.001088139281828,0.34325317127312294
FL_2013_000019_PER,0.34231094,0.4732733605504849,399.0,1.0024449877750612,0.3431478860635697
FL_2016_000058_MMR,0.34257853,0.30393321660576744,1258.0,1.000788643533123,0.34284870234227127
FL_2018_000120_NGA,0.34244713,0.34836317112386667,1050.0,1.0009433962264151,0.3427701933301887
FL_2008_000096_BGD,0.34116244,0.49947497920105866,251.0,1.003831417624521,0.3424695757854406
FL_2006_000169_SOM,0.3419366,0.4404118148883065,667.0,1.0014771048744462,0.34244167621861155
FL_2021_000005_IDN,0.34210643,0.3495868234373374,1044.0,1.0009487666034156,0.34243100915559777
FL_2019_000081_MMR,0.3421706,0.2909904296691296,1308.0,1.0007587253414265,0.3424302135053111
FL_2009_000101_PAN,0.34174788,0.461807064179645,494.0,1.001984126984127,0.3424259511904762
FL_2022_000265_YEM,0.3415138,0.4741402466235328,391.0,1.0024937655860349,0.34236545536159596
FL_2006_000171_HTI,0.34205627,0.22053508738810707,1469.0,1.0006761325219744,0.34228754536849226
FL_2003_000455_NGA,0.34171999,0.38189391305131426,940.0,1.0010526315789474,0.34207969525263154
FL_2000_000735_VEN,0.33977902,0.5254289879451861,144.0,1.0064935064935066,0.34198537727272726
FL_2011_000021_MYS,0.34171182,0.3057560063966738,1249.0,1.0007942811755361,0.3419832352660842
FL_2022_000292_LAO,0.34170693,0.2723258661880459,1369.0,1.0007251631617113,0.3419547232777375
FL_2007_000044_ARG,0.34126097,0.44681354214184893,622.0,1.0015822784810127,0.3418009398892405
FL_2017_000017_PAK,0.3412874,0.2629458986141085,1385.0,1.0007168458781361,0.3415320504659498
FL_2003_000220_NAM,0.34098527,0.40395519424572546,844.0,1.0011709601873535,0.341384550175644
FL_2010_000251_CRI,0.3410067,0.38727541641038465,917.0,1.0010787486515642,0.34137456051779935
FL_2010_000019_MEX,0.34045938,0.43843414988123625,680.0,1.0014492753623188,0.3409527993913043
FL_2014_000150_SOM,0.3403143,0.44920211033611,601.0,1.0016366612111294,0.34087127921440263
FL_2009_000122_IND,0.34037146,0.3345769406251087,1104.0,1.0008976660682227,0.3406769999102334
FL_2000_000484_BTN,0.3400557,0.2976923085305276,1278.0,1.000776397515528,0.34031971840062114
FL_2003_000585_MKD,0.340034,0.29040397031738074,1310.0,1.0007575757575757,0.34029160151515153
FL_2007_000107_TLS,0.3397611,0.22387335493326477,1458.0,1.0006811989100817,0.3399925448910081
FL_2008_000032_KAZ,0.33887422,0.2852409033591067,1330.0,1.0007462686567163,0.3391271112089552
FL_2010_000015_PSE,0.33875954,0.3121855732358662,1214.0,1.0008169934640523,0.3390363043300654
FL_2005_000209_THA,0.33832422,0.4628629319386328,487.0,1.0020120724346075,0.3390049528370221
FL_1999_000547_VEN,0.3368201,0.5245630563434491,150.0,1.00625,0.33892522562500005
FL_2005_000176_BGD,0.3372665,0.5087091661889194,203.0,1.0046948356807512,0.3388499107981221
FL_2011_000032_THA,0.33758718,0.49550266288621514,272.0,1.00354609929078,0.33878429765957446
FL_2005_000160_MMR,0.33828604,0.2971189850182905,1281.0,1.0007745933384973,0.3385480741130906
FL_2012_000089_CUB,0.33698136,0.5064045700180223,215.0,1.0044444444444445,0.33847905493333336
FL_2010_000153_PRK,0.33636054,0.5213523811957916,158.0,1.005952380952381,0.33836268607142855
FL_2002_000376_RUS,0.33798254,0.3380039426118501,1084.0,1.0009140767824498,0.33829148199268744
FL_2011_000096_PRK,0.3329931,0.5685654825848359,54.0,1.015625,0.3381961171875
FL_2018_000058_COL,0.336825,0.4684358947855928,434.0,1.0022522522522523,0.3375836148648649
FL_2003_000037_MDG,0.33386958,0.5367216146743898,104.0,1.0087719298245614,0.3367982605263158
FL_2010_000067_BRA,0.3359483,0.4739499462414599,394.0,1.0024752475247525,0.3367798551980198
FL_2002_000732_IDN,0.3364194,0.3713737066718087,984.0,1.0010060362173039,0.3367578501006036
FL_2021_000068_SUR,0.3364139,0.3409747169250624,1074.0,1.0009225092250922,0.33672424492619923
FL_2007_000051_TUN,0.3361918,0.4031792030682379,852.0,1.0011600928074247,0.3365818136890951
FL_2001_000320_TLS,0.33614153,0.2903150544065237,1312.0,1.0007564296520424,0.3363957974205749
FL_2017_000043_HTI,0.33614215,0.21767108249610317,1473.0,1.0006743088334458,0.33636881362103843
FL_2007_000111_GBR,0.33576855,0.43938568308966225,676.0,1.001457725947522,0.33625800852769683
FL_2002_000478_PRK,0.3341816,0.5185170888462551,170.0,1.0055555555555555,0.33603816444444445
FL_2007_000035_AFG,0.3354143,0.4575610374101936,533.0,1.0018416206261511,0.33603200589318605
FL_2005_000194_COL,0.3355912,0.4230694738816397,756.0,1.0013054830287207,0.336029308616188
FL_2007_000040_HTI,0.33569875,0.29405353210389457,1299.0,1.0007639419404126,0.3359552043544691
FL_2003_000080_ARG,0.33553642,0.4126093456632167,796.0,1.001240694789082,0.33595271828784123
FL_2016_000045_ETH,0.3350711,0.44290310589684667,653.0,1.0015082956259427,0.3355764862745098
FL_2005_000208_BIH,0.3342955,0.49684528043206266,266.0,1.0036231884057971,0.3355067155797102
FL_2017_000057_LKA,0.33365232,0.5045806516830978,225.0,1.004255319148936,0.33507211710638296
FL_1998_000193_ROM,0.33363217,0.49952090923717224,250.0,1.0038461538461538,0.33491537065384613
FL_2010_000089_AZE,0.3343471,0.39936246703792566,866.0,1.0011415525114156,0.3347287747716895
FL_2021_000001_MYS,0.3342244,0.30512314432670573,1252.0,1.0007923930269413,0.33448923708399364
FL_2008_000125_SDN,0.33180875,0.533499487384203,115.0,1.008,0.33446322
FL_2000_000741_LKA,0.3330865,0.4925787559405451,283.0,1.0034129692832765,0.33422331399317406
FL_2013_000054_CHN,0.33319145,0.4064912744080761,829.0,1.0011918951132301,0.3335885792610251
FL_2004_000044_BGD,0.33126894,0.5217674015796676,156.0,1.0060240963855422,0.33326453602409645
FL_2021_000057_LKA,0.33078486,0.5292573178853051,134.0,1.0069444444444444,0.3330819770833333
FL_2003_000481_HND,0.3322543,0.4737718792679264,397.0,1.0024570024570025,0.33307064963144967
FL_2010_000196_LKA,0.33168337,0.49109873460956077,291.0,1.0033222591362125,0.33278530810631224
FL_2016_000050_LKA,0.3304779,0.5202095908485735,162.0,1.005813953488372,0.3323992831395349
FL_2006_000057_SUR,0.33179528,0.31300298224865875,1212.0,1.0008183306055647,0.3320667982324059
FL_2007_000052_LKA,0.33115825,0.47551991680386885,384.0,1.00253807106599,0.33199875317258887
FL_2017_000083_GIN,0.33165544,0.2828077807390904,1336.0,1.00074294205052,0.3319018407726598
FL_2012_000068_DOM,0.33161426,0.29316253065063447,1302.0,1.0007621951219512,0.33186701477134145
FL_2012_000183_COL,0.3312164,0.4499902986183729,593.0,1.0016583747927033,0.33176568092868997
FL_2011_000196_IDN,0.33129412,0.3611410173556571,1011.0,1.000979431929481,0.3316186000391773
FL_2007_000174_CAF,0.331175,0.07393863528525599,1520.0,1.0006535947712418,0.331391454248366
FL_2019_000048_TZA,0.32708085,0.5617447318925375,66.0,1.013157894736842,0.3313845453947368
FL_2021_000084_TCD,0.33069938,0.2965943041739155,1285.0,1.0007722007722009,0.3309547463166023
FL_1998_000203_BGD,0.3301896,0.46048961497075275,506.0,1.001937984496124,0.33082950232558145
FL_2015_000040_SOM,0.32997698,0.4268363487277812,737.0,1.001338688085676,0.33041871625167335
FL_2005_000001_CRI,0.3298548,0.40907500117891793,817.0,1.0012091898428053,0.3302536570737606
FL_2022_000362_LCA,0.3296625,0.4369759418415872,687.0,1.0014347202295553,0.3301354734576758
FL_1999_000391_MEX,0.32925212,0.46123726341740756,498.0,1.0019685039370079,0.32990025409448814
FL_2012_000164_CAF,0.32909697,0.08870661354423892,1516.0,1.0006553079947575,0.3293126298754915
FL_1997_000526_ECU,0.32866114,0.44839933943685994,608.0,1.0016181229773462,0.3291929541423948
FL_2006_000062_THA,0.3280477,0.48221915564389217,341.0,1.002849002849003,0.3289823088319089
FL_1997_000270_ETH,0.32826114,0.44622514773928945,626.0,1.001572327044025,0.3287772738679245
FL_2003_000341_NPL,0.32827502,0.31758631202485776,1186.0,1.0008361204013378,0.32854949744147155
FL_2023_000001_COG,0.32823443,0.272764068007504,1367.0,1.0007262164124908,0.3284727992302106
FL_2016_000091_NER,0.3278355,0.4165968351272346,778.0,1.001269035532995,0.3282515348984772
FL_2012_000106_BGD,0.32559204,0.5257425313044208,140.0,1.0066666666666666,0.3277626536
FL_1998_000111_TJK,0.32717174,0.3639786376648848,1004.0,1.0009861932938855,0.3274943945759368
FL_2014_000155_HTI,0.3272125,0.234214303914409,1442.0,1.0006887052341598,0.3274378529614325
FL_2009_000248_URY,0.32701623,0.4121332323340436,800.0,1.0012345679012347,0.3274199537407408
FL_2019_000101_NER,0.3266042,0.417508069294572,772.0,1.0012787723785166,0.3270218524296675
FL_2009_000203_USA,0.32679176,0.22255826542723672,1462.0,1.000679347826087,0.3270137652717391
FL_2004_000051_NPL,0.32673126,0.29608728767444337,1287.0,1.0007710100231304,0.32698317307633007
FL_2007_000200_MEX,0.32597965,0.4802762127726911,355.0,1.0027397260273974,0.32687274493150686
FL_2003_000229_LKA,0.32542002,0.49057797986614093,295.0,1.0032786885245901,0.32648697088524586
FL_2016_000068_NPL,0.326209,0.31155530517126895,1216.0,1.000815660685155,0.32647507585644375
FL_2009_000044_BIH,0.32540643,0.4712234782182373,410.0,1.0023809523809524,0.32618120721428573
FL_2013_000081_PRK,0.3246619,0.5040770061756652,231.0,1.004149377593361,0.326009044813278
FL_1999_000531_COD,0.32542863,0.3954840904952107,890.0,1.001111111111111,0.32579021736666663
FL_2010_000091_VNM,0.3251847,0.4578789526481015,531.0,1.0018484288354899,0.32578578077634013
FL_2013_000052_SOM,0.32500648,0.43527766333156453,690.0,1.0014285714285713,0.3254707749714285
FL_2015_000080_MMR,0.32512146,0.2895184557780631,1314.0,1.0007552870090635,0.3253670200151057
FL_2003_000293_TLS,0.32493246,0.2582260011683998,1393.0,1.000712758374911,0.3251640583321454
FL_2006_000189_MYS,0.32472396,0.3085635593058153,1227.0,1.0008084074373484,0.3249864692643492
FL_2019_000181_IDN,0.3246048,0.362122063285526,1007.0,1.0009832841691249,0.324923978761062
FL_2002_000475_TJK,0.32436538,0.34026740360750324,1075.0,1.0009216589861751,0.3246643342672811
FL_1998_000224_SVK,0.32439566,0.3130870952268251,1211.0,1.0008190008190008,0.3246613403112203
FL_2002_000540_DZA,0.32405347,0.40341174160915916,849.0,1.0011641443538999,0.3244307150174622
FL_1997_000143_POL,0.32407367,0.18521212845457483,1491.0,1.0006662225183212,0.32428957517654894
FL_2013_000008_MOZ,0.32257983,0.5033450269466501,233.0,1.0041152263374487,0.3239073190123457
FL_2002_000500_IRN,0.32326928,0.27382873703539634,1363.0,1.0007283321194465,0.3235047273998543
FL_2002_000536_MMR,0.32148087,0.5199034988895737,165.0,1.0057142857142858,0.32331790354285717
FL_2015_000037_HTI,0.3228108,0.2489771172302134,1412.0,1.00070323488045,0.323037811814346
FL_2011_000061_DOM,0.32178253,0.2927521782550364,1304.0,1.0007610350076104,0.32202741777016747
FL_2000_000187_ROM,0.32023025,0.5100135996092919,200.0,1.0047619047619047,0.32175515595238097
FL_2008_000167_VCT,0.32040358,0.47841519759398926,366.0,1.002659574468085,0.32125571718085105
FL_2012_000132_NPL,0.320841,0.3283984965042306,1137.0,1.000871839581517,0.3211207218831735
FL_2004_000100_PAN,0.32002267,0.4907982931060799,294.0,1.0032894736842106,0.3210753761513158
FL_2020_000210_VNM,0.3202629,0.4431292815799871,651.0,1.0015128593040847,0.32074741270801815
FL_2011_000170_COL,0.31929535,0.4595792007134285,517.0,1.0018975332068312,0.31990122352941175
FL_2004_000022_AFG,0.31927705,0.4511090352198909,585.0,1.0016806722689076,0.3198136500840336
FL_2019_000058_TJK,0.3190483,0.3359771973286335,1099.0,1.000901713255185,0.3193359900811542
FL_2022_000286_MRT,0.3190565,0.3278959467613056,1140.0,1.0008695652173913,0.31933394043478264
FL_2005_000150_NGA,0.318851,0.3859701410777423,922.0,1.0010729613733906,0.31919311480686696
FL_2005_000111_ROM,0.3181519,0.49048993665339574,296.0,1.0032679738562091,0.31919161209150326
FL_2009_000102_HTI,0.31892726,0.2520203539972599,1404.0,1.0007072135785007,0.319152809688826
FL_2019_000103_LAO,0.3183198,0.2707707790047104,1376.0,1.0007215007215007,0.3185494679653679
FL_2022_000271_NGA,0.31810868,0.37711217860194257,961.0,1.0010298661174046,0.3184362893511843
FL_2021_000135_GIN,0.3181489,0.24788433291100032,1416.0,1.0007012622720897,0.31837200582047687
FL_2007_000126_PRK,0.31647462,0.5102878214227724,198.0,1.0048076923076923,0.31799613259615384
FL_2003_000389_BFA,0.3173497,0.4545711369572108,556.0,1.0017667844522968,0.3179103885159011
FL_2022_000135_ZMB,0.31733894,0.23029567385894267,1447.0,1.0006863417982155,0.3175567429787234
FL_2022_000275_UGA,0.3170521,0.21582258931631593,1477.0,1.0006724949562877,0.31726531593813045
FL_2009_000039_CRI,0.31682992,0.39860739504447396,868.0,1.001138952164009,0.3171907741230068
FL_2022_000002_IRN,0.31655574,0.276652273926068,1354.0,1.000733137829912,0.31678781898826974
FL_1997_000164_BGD,0.31589442,0.4783849531209717,367.0,1.0026525198938991,0.31673233623342173
FL_2003_000505_VNM,0.31586272,0.4721297821775099,404.0,1.002415458937198,0.3166256734299517
FL_2001_000571_PRK,0.31482112,0.5109421240824438,193.0,1.0049261083743843,0.31637196295566505
FL_2008_000182_RWA,0.31602222,0.23846913419786941,1434.0,1.0006925207756232,0.31624107195290857
FL_2005_000171_SLV,0.3100251,0.5782384925344228,42.0,1.0192307692307692,0.31598712115384614
FL_2006_000030_SRB,0.31546453,0.37641533079951633,965.0,1.001025641025641,0.3157880833641026
FL_2003_000531_IDN,0.31549478,0.3378006135306597,1088.0,1.0009107468123861,0.31578211586520943
FL_2004_000063_PRK,0.3147006,0.48718782346195355,307.0,1.003154574132492,0.3156933463722397
FL_2009_000123_BGD,0.31456506,0.49295249076499553,281.0,1.0034364261168385,0.3156460395876289
FL_2001_000095_HUN,0.31512424,0.318604758858835,1178.0,1.0008417508417509,0.3153894960942761
FL_2001_000079_ROM,0.31512424,0.29947006122438663,1273.0,1.0007794232268121,0.3153698551519875
FL_2001_000096_UKR,0.31512424,0.2966400277666922,1283.0,1.0007733952049498,0.31536795557617947
FL_2008_000231_PAN,0.3147453,0.43271479186588774,712.0,1.0013850415512466,0.31518123531855957
FL_2018_000029_RWA,0.3148656,0.2151697897771756,1478.0,1.0006720430107527,0.3150772032258065
FL_2004_000021_COL,0.31434545,0.45210771271235084,573.0,1.0017152658662092,0.3148846360205832
FL_2006_000058_TJK,0.31457537,0.3227682402397055,1157.0,1.0008568980291346,0.3148449290145673
FL_2007_000177_SLE,0.31070656,0.5609578829390707,67.0,1.0129870129870129,0.3147417101298701
FL_2018_000060_LKA,0.3136642,0.47203740466488264,405.0,1.002409638554217,0.3144200173493976
FL_2011_000187_COD,0.31392497,0.3966042049984758,884.0,1.0011185682326622,0.3142761164988815
FL_2022_000158_HTI,0.31399554,0.21108700389341656,1481.0,1.000670690811536,0.3142061339235413
FL_1997_000111_ARM,0.3135377,0.3554378708992768,1028.0,1.0009633911368014,0.3138397594412331
FL_2010_000049_AGO,0.3130536,0.4038941654646438,845.0,1.001169590643275,0.31341974456140353
FL_2015_000039_KAZ,0.3131846,0.24545261782749916,1419.0,1.000699790062981,0.31340376347095866
FL_2000_000408_VNM,0.31279173,0.40590559114455477,832.0,1.001187648456057,0.31316321661520186
FL_2012_000054_HTI,0.3127015,0.23266672692860713,1443.0,1.0006882312456986,0.3129167109428768
FL_1998_000272_PRK,0.3070026,0.5737300518692653,48.0,1.0172413793103448,0.31229574827586204
FL_1999_000161_LKA,0.3114438,0.47925021030531495,362.0,1.0026881720430108,0.31228101451612905
FL_2011_000002_BRA,0.31112248,0.4939555705883613,277.0,1.0034843205574913,0.31220653045296165
FL_2016_000046_SOM,0.31149137,0.46826056828723106,438.0,1.0022321428571428,0.3121866632366071
FL_2009_000247_MYS,0.31188998,0.3215951786020673,1166.0,1.0008503401360545,0.3121551925680272
FL_2019_000162_MYS,0.31074965,0.32592015240869854,1146.0,1.0008650519031141,0.31101846457612453
FL_1997_000026_MOZ,0.31043422,0.45423618977559976,559.0,1.0017574692442883,0.31097979859402464
FL_2014_000005_IDN,0.31043264,0.33451601806815773,1105.0,1.0008968609865472,0.3107110549237668
FL_2009_000237_THA,0.3100502,0.456066067533469,547.0,1.0017953321364452,0.31060684308797126
FL_2012_000126_PAN,0.31012818,0.3932238900161191,895.0,1.0011049723756906,0.3104708630718232
FL_2010_000151_COD,0.31010175,0.37416092531558376,973.0,1.0010172939979654,0.31041721464903355
FL_2000_000255_ARG,0.3098759,0.43353843007688453,701.0,1.0014064697609002,0.3103117310829817
FL_2014_000038_ZAF,0.30902946,0.4622025696750607,491.0,1.001996007984032,0.3096462852694611
FL_2002_000782_MKD,0.30941024,0.26423743426886925,1384.0,1.0007173601147776,0.3096321985652798
FL_2007_000220_SRB,0.30875203,0.3602320861894552,1016.0,1.0009746588693957,0.30905295790448345
FL_2014_000053_TZA,0.3057892,0.5443492209159342,88.0,1.010204081632653,0.3089094979591836
FL_2003_000028_BRA,0.3078041,0.4643908139859439,474.0,1.0020661157024793,0.30844005888429754
FL_2014_000159_MAR,0.30272946,0.5765701145350546,44.0,1.0185185185185186,0.30833556111111116
FL_2002_000470_VNM,0.3075614,0.4686455032566531,433.0,1.002257336343115,0.30825566952595934
FL_2002_000054_IDN,0.30769917,0.32276371485684663,1158.0,1.0008561643835616,0.3079626110702055
FL_2012_000169_SEN,0.30712426,0.4695451016722306,427.0,1.002288329519451,0.3078270615102975
FL_2008_000076_COL,0.30726737,0.453446821598403,565.0,1.0017391304347827,0.3078017480347826
FL_2015_000017_PAK,0.30753413,0.27368975654460576,1366.0,1.0007267441860466,0.3077576286409884
FL_2013_000112_CAF,0.30736127,0.09168143529305252,1514.0,1.0006561679790027,0.30756295062335964
FL_2002_000020_IRN,0.30723935,0.2947220127063155,1294.0,1.0007668711656441,0.3074749629984663
FL_2013_000098_NER,0.30621877,0.4076103956386439,827.0,1.001194743130227,0.30658462277180404
FL_2010_000239_MNE,0.3045773,0.5255346055423831,143.0,1.0065359477124183,0.30656800130718953
FL_2011_000082_NPL,0.30617094,0.30273717435145214,1265.0,1.0007843137254901,0.3064110740705882
FL_2009_000192_MEX,0.30553156,0.4728298419951742,401.0,1.002433090024331,0.30627494579075426
FL_2008_000168_NPL,0.30584085,0.3303383710321365,1132.0,1.000875656742557,0.30610866160245187
FL_2000_000375_CHL,0.3050251,0.47692361617767154,373.0,1.0026109660574412,0.3058215101827676
FL_2006_000086_CHL,0.30519155,0.4476123383120385,619.0,1.0015898251192368,0.3056767511923688
FL_2017_000079_TJK,0.30495718,0.3257046986096674,1147.0,1.0008643042350907,0.3052207557821953
FL_2019_000160_COG,0.3047646,0.2846338357721827,1333.0,1.0007446016381236,0.3049915282204021
FL_2012_000191_HTI,0.30445525,0.2086309628775286,1485.0,1.0006688963210701,0.3046588989966555
FL_2022_000331_SLV,0.2976951,0.5907769202542885,33.0,1.0232558139534884,0.3046182418604651
FL_2005_000157_MDA,0.30431035,0.30682179628451456,1242.0,1.0007987220447285,0.30455340938498404
FL_2007_000189_NIC,0.30414224,0.21067835896539738,1482.0,1.0006702412868633,0.3043460886863271
FL_2005_000063_SRB,0.30349863,0.35648281716352326,1027.0,1.0009643201542913,0.3037912998457088
FL_2021_000023_DZA,0.303477,0.37755567869517903,959.0,1.001031991744066,0.3037901857585139
FL_2003_000027_TUN,0.30188257,0.5028622807647976,235.0,1.0040816326530613,0.30311474375510206
FL_2010_000062_COD,0.30272353,0.3849604009175309,928.0,1.0010660980810235,0.30304626297441367
FL_2014_000168_MYS,0.3023901,0.3315089366465681,1122.0,1.0008833922261484,0.30265722906360426
FL_2022_000217_BGD,0.2994504,0.53314409438372,119.0,1.0077519379844961,0.3017717209302326
FL_2011_000183_TZA,0.29637894,0.5725320571840609,50.0,1.0166666666666666,0.30131858899999997
FL_2015_000110_ARG,0.3009362,0.4151117768139654,784.0,1.0012594458438286,0.30131521284634755
FL_1999_000349_SLV,0.29334962,0.5939806626711513,31.0,1.024390243902439,0.3005044887804878
FL_2015_000018_PNG,0.30013824,0.31623066387394905,1196.0,1.0008291873963515,0.30038711084577113
FL_2009_000176_MLI,0.29970896,0.3802527095784548,949.0,1.0010427528675705,0.3000214823774766
FL_2008_000088_USA,0.29977697,0.217913035263576,1472.0,1.0006747638326585,0.2999792486572199
FL_2014_000163_COL,0.29951668,0.44226567413342516,656.0,1.0015015015015014,0.2999664047447447
FL_2016_000085_MLI,0.29898643,0.3858100239455611,924.0,1.0010706638115632,0.2993065439507495
FL_2010_000121_DOM,0.29890344,0.3052904219459255,1251.0,1.000793021411578,0.2991404768279144
FL_2007_000054_AFG,0.29837188,0.4600172222033439,512.0,1.0019157088122606,0.29894347363984675
FL_2006_000025_PNG,0.2986377,0.32527221898048675,1150.0,1.0008620689655172,0.29889514629310343
FL_2010_000075_TJK,0.2980083,0.3331245605346427,1114.0,1.0008896797153024,0.29827343193950173
FL_2001_000376_PAK,0.2977456,0.26227464388370036,1387.0,1.0007158196134573,0.2979587321403006
FL_2006_000092_KOR,0.29059568,0.5999907760667964,30.0,1.025,0.297860572
FL_1998_000221_NPL,0.29741615,0.30662794513285135,1244.0,1.0007974481658692,0.2976533239633174
FL_2008_000010_BRA,0.29700392,0.45226827514389284,572.0,1.0017182130584192,0.29751423601374566
FL_2010_000174_KEN,0.29573017,0.4803169574299723,354.0,1.0027472527472527,0.296542615521978
FL_2006_000191_LKA,0.29504207,0.49844272649282206,257.0,1.00374531835206,0.29614709647940074
FL_2008_000230_CUB,0.29460877,0.5006869090505135,247.0,1.0038910505836576,0.2957551076264592
FL_2009_000219_NPL,0.2952249,0.3113300948509886,1218.0,1.000814332247557,0.2954653111563518
FL_2006_000131_BGD,0.2941745,0.4870769989138022,310.0,1.003125,0.2950937953125
FL_2022_000382_ZAF,0.2942537,0.4327881938359083,711.0,1.001386962552011,0.2946618188626907
FL_2016_000026_PNG,0.29426777,0.32438572006085054,1152.0,1.0008605851979346,0.2945210124870912
FL_1999_000132_BLR,0.29423606,0.32556521563850654,1149.0,1.000862812769629,0.29448993062985335
FL_2011_000161_SOM,0.2939583,0.432907822066924,707.0,1.00139470013947,0.2943682836820084
FL_2007_000176_CRI,0.29392758,0.42971846421921966,723.0,1.0013642564802183,0.2943285726057299
FL_1998_000080_ARG,0.29383665,0.3972981983601764,875.0,1.001129943502825,0.2941686688135593
FL_2018_000014_ARG,0.29364532,0.41603583253742077,780.0,1.0012658227848101,0.29401702293670884
FL_2008_000099_NIC,0.29357672,0.20537793961957088,1486.0,1.000668449197861,0.29377296112299467
FL_1998_000179_RUS,0.29278842,0.31981653384334086,1171.0,1.0008467400508043,0.29303633568162574
FL_2009_000165_CHL,0.291991,0.4667112488848644,449.0,1.0021786492374727,0.2926271459694989
FL_2013_000030_COL,0.29182965,0.46409868251237224,479.0,1.0020449897750512,0.29242643865030676
FL_2015_000164_COD,0.2920556,0.35943955859862836,1018.0,1.0009727626459144,0.29233970077821014
FL_2014_000045_SLB,0.29183894,0.3870387535936649,919.0,1.0010764262648009,0.2921530831001076
FL_2002_000325_JAM,0.29009724,0.529161254719434,135.0,1.006896551724138,0.2920979106206896
FL_2019_000163_UGA,0.29171854,0.20985935433471575,1483.0,1.000669792364367,0.2919139308506363
FL_2001_000390_POL,0.2917143,0.17480508206565737,1494.0,1.0006648936170213,0.2919082589760638
FL_2018_000194_TTO,0.2915269,0.3955995820866841,889.0,1.0011123470522802,0.2918511790878754
FL_2009_000080_AFG,0.29074585,0.42855938446304953,730.0,1.0013513513513514,0.2911387497972973
FL_2021_000208_IRQ,0.29052544,0.44586757561638923,628.0,1.0015673981191222,0.29098080902821316
FL_2005_000166_CRI,0.29055405,0.4341927338999212,696.0,1.001416430594901,0.29096559964589236
FL_2008_000079_LKA,0.2895662,0.5101852703798188,199.0,1.0047846889952152,0.2909516842105263
FL_2005_000038_MDG,0.2888853,0.5219796430842861,155.0,1.006060606060606,0.29063612
FL_2011_000093_BGD,0.2891627,0.5080772927562274,206.0,1.0046296296296295,0.2905014162037037
FL_2005_000020_COL,0.28974122,0.45835385064094825,527.0,1.0018621973929236,0.2902807753445065
FL_2003_000571_DOM,0.29003042,0.31545853864687523,1198.0,1.0008278145695364,0.29027051140728477
FL_2021_000039_BDI,0.28931966,0.3748384313561715,972.0,1.0010183299389002,0.2896142828716904
FL_2011_000102_BRA,0.28836945,0.469421614171045,430.0,1.0022727272727272,0.28902483511363636
FL_2009_000144_NER,0.28862065,0.4127428202176852,794.0,1.0012437810945274,0.2889796309079602
FL_2008_000234_BRA,0.2867548,0.5289343005612432,137.0,1.0068027210884354,0.28870551292517005
FL_2010_000141_PAK,0.28842133,0.26743729000887145,1379.0,1.0007199424046076,0.2886289767458603
FL_2022_000378_BIH,0.28759018,0.4935612943103018,280.0,1.0034482758620689,0.288581870275862
FL_2003_000624_HTI,0.28801695,0.25004557972302655,1409.0,1.0007047216349543,0.28821992177589856
FL_2021_000050_AFG,0.28766704,0.45142540896702466,583.0,1.0016863406408094,0.2881521446205733
FL_2020_000165_NPL,0.2872866,0.3095971267430275,1221.0,1.0008123476848092,0.2875199766043867
FL_2006_000125_THA,0.2866154,0.46751694063901356,443.0,1.0022075055187638,0.2872481050772627
FL_2005_000090_TJK,0.28680217,0.3378184336201668,1087.0,1.0009115770282588,0.2870636122698268
FL_2006_000091_PRK,0.28569436,0.5055698644918769,219.0,1.0043668122270741,0.2869419336244541
FL_1998_000053_ZMB,0.28641558,0.25447880065197764,1401.0,1.0007087172218285,0.286618567654146
FL_2009_000139_PAK,0.2863429,0.24080175958732253,1427.0,1.000695894224078,0.28654216437021574
FL_2009_000145_NPL,0.28629053,0.3236355789796851,1154.0,1.0008591065292096,0.28653648406357385
FL_2010_000014_SLB,0.2859782,0.3828193462841413,937.0,1.0010559662090812,0.2862801833157339
FL_2009_000089_BRA,0.28511325,0.4972772146790563,264.0,1.0036496350364963,0.2861538093065693
FL_2006_000050_ARG,0.28568977,0.4275686363462877,734.0,1.0013440860215055,0.2860737616263441
FL_2018_000134_IND,0.28582144,0.3270295921809231,1144.0,1.0008665511265165,0.28606911889081454
FL_2005_000098_BGR,0.28576562,0.3817046839661774,942.0,1.0010504201680672,0.28606579397058823
FL_2017_000012_MOZ,0.28536722,0.4690608681680932,431.0,1.002267573696145,0.28601431120181403
FL_2011_000043_VCT,0.2843516,0.48584815478392773,318.0,1.0030487804878048,0.285218525609756
FL_2020_000206_COD,0.28415886,0.46950221834990447,429.0,1.0022779043280183,0.28480614669703874
FL_2010_000149_GTM,0.2840999,0.22552616717233637,1456.0,1.000682128240109,0.2842936925648022
FL_2019_000133_SOM,0.28366,0.41541706764005043,782.0,1.0012626262626263,0.2840181565656566
FL_2020_000011_MOZ,0.2825729,0.4902322955616971,298.0,1.0032467532467533,0.2834903444805195
FL_2005_000184_VNM,0.28301668,0.4492108658537912,600.0,1.001639344262295,0.2834806417704918
FL_2007_000199_THA,0.2823295,0.4707990897671306,418.0,1.0023364485981308,0.28298914836448597
FL_2022_000376_COD,0.2823848,0.4251455176114113,742.0,1.0013297872340425,0.2827603117021276
FL_2005_000138_PNG,0.28131258,0.33974137308135416,1077.0,1.000919963201472,0.28157137722171116
FL_2002_000367_SRB,0.28109416,0.3749290422691941,970.0,1.0010204081632652,0.28138099077551015
FL_2016_000066_PAK,0.28105223,0.2804542936910309,1343.0,1.000739098300074,0.281259955225425
FL_2020_000196_NGA,0.28041136,0.3369948037522701,1092.0,1.0009074410163339,0.28066581676950997
FL_2002_000614_LAO,0.279527,0.2818399699703623,1337.0,1.0007423904974015,0.2797345181885672
FL_2008_000051_LKA,0.27795595,0.5041093241245818,230.0,1.0041666666666667,0.2791140997916667
FL_2008_000104_NPL,0.27793854,0.27163507780097074,1373.0,1.0007230657989876,0.2781395078524946
FL_2005_000108_PAK,0.27737933,0.27963517314427594,1344.0,1.000738552437223,0.2775841891802068
FL_2022_000333_THA,0.27647498,0.46336649837534527,483.0,1.002028397565923,0.2770357811764706
FL_2004_000023_CRI,0.27609813,0.38922617387540254,910.0,1.001086956521739,0.2763982366630435
FL_2014_000117_BGD,0.27483207,0.5153747017585844,178.0,1.0053191489361701,0.2762939427127659
FL_2003_000359_PAK,0.27596992,0.23248759985298273,1444.0,1.000687757909216,0.27615972049518567
FL_2022_000374_TTO,0.2749571,0.4102857789858587,815.0,1.0012121212121212,0.27529038133333333
FL_2007_000222_MYS,0.27478105,0.2960454941306765,1289.0,1.0007698229407236,0.27499258275596616
FL_2009_000183_NGA,0.27379674,0.36458879375654857,1002.0,1.0009881422924902,0.2740672901383399
FL_2016_000075_BGD,0.27318615,0.48716588745830214,308.0,1.0031446540880504,0.27404522594339625
FL_2006_000023_DZA,0.2735274,0.3969030221872084,882.0,1.001121076233184,0.27383404506726455
FL_2008_000250_THA,0.27256536,0.4664426403960488,451.0,1.002169197396963,0.2731566080694143
FL_2006_000127_NPL,0.2724938,0.3141315674157964,1203.0,1.0008244023083264,0.27271844451772465
FL_2012_000050_AFG,0.2720913,0.4654103619849804,463.0,1.0021141649048626,0.27266654587737843
FL_2006_000044_COL,0.27178997,0.4332653374153834,704.0,1.0014005602240896,0.2721706282212885
FL_2019_000087_PAK,0.27138257,0.27090570078873294,1375.0,1.0007220216606498,0.2715785140938628
FL_2010_000114_BGD,0.26941237,0.5216379459887557,157.0,1.0059880239520957,0.2710256177245509
FL_2015_000068_BGD,0.26939481,0.4988986867262135,256.0,1.0037593984962405,0.27040757244360897
FL_2012_000141_NER,0.2698012,0.40733014384552774,828.0,1.0011933174224343,0.2701231584725537
FL_2009_000120_BWA,0.26961502,0.45766064280521834,532.0,1.0018450184501846,0.27011246468634686
FL_2022_000254_PAK,0.26919973,0.27376751872843075,1364.0,1.0007278020378456,0.2693956541120815
FL_2002_000607_ALB,0.26663184,0.5444999398424447,87.0,1.0103092783505154,0.2693806218556701
FL_2009_000174_NER,0.26822335,0.4249759506748255,745.0,1.0013245033112583,0.2685786127152318
FL_2015_000146_DZA,0.2679056,0.3944117183430823,893.0,1.0011074197120708,0.2682022839424142
FL_2008_000243_PNG,0.26729733,0.4704620452597911,422.0,1.0023148148148149,0.2679160738194445
FL_2019_000083_NPL,0.26718032,0.3151335731530841,1200.0,1.0008264462809917,0.2674011301818182
FL_1999_000363_NIC,0.26630196,0.2227371854863306,1459.0,1.0006807351940095,0.2664832411164057
FL_2019_000167_BDI,0.26575303,0.382168836059767,938.0,1.001054852320675,0.2660333602004219
FL_1999_000350_CRI,0.26306486,0.42759701088113766,733.0,1.0013458950201883,0.26341891768506054
FL_2013_000085_NIC,0.26222426,0.21497825932338596,1479.0,1.0006715916722633,0.2624003676292814
FL_2016_000021_PAK,0.26051736,0.2772481390486297,1353.0,1.0007336757153338,0.26070849526045486
FL_2009_000136_BIH,0.2589141,0.48804275960150156,304.0,1.0031847133757963,0.25973866719745226
FL_1998_000255_TUR,0.2583716,0.38177332703511946,941.0,1.0010515247108307,0.25864328412197685
FL_2017_000004_THA,0.25681987,0.47160390774925864,409.0,1.0023866348448687,0.25743280525059664
FL_2006_000164_TZA,0.25269923,0.5754286172300248,46.0,1.0178571428571428,0.25721171625
FL_2020_000242_COL,0.2552358,0.45961169937251345,515.0,1.0019047619047619,0.25572196342857145
FL_2014_000122_PAK,0.2554755,0.24417737605458706,1422.0,1.0006983240223464,0.25565390467877097
FL_2007_000022_ARG,0.25332212,0.44005841400739054,671.0,1.0014684287812041,0.2536941054919236
FL_2022_000190_TUN,0.25249976,0.5024022254397507,238.0,1.0040322580645162,0.2535179041935484
FL_2020_000054_BDI,0.2532081,0.357191610765859,1023.0,1.0009680542110357,0.2534532191674734
FL_2016_000137_ARG,0.2524768,0.4193756099340162,768.0,1.0012853470437018,0.2528013203084833
FL_1991_000011_CHN,0.25223798,0.40334772043262357,851.0,1.0011614401858304,0.25253093932636467
FL_2011_000037_BDI,0.25181344,0.34939735687000695,1047.0,1.0009460737937559,0.25205167409649953
FL_2019_000089_SLE,0.24751563,0.5731460957370578,49.0,1.0169491525423728,0.2517108101694915
FL_2019_000145_TZA,0.25031903,0.5152060970968395,179.0,1.0052910052910053,0.2516434693121693
FL_2010_000096_IDN,0.2512844,0.34946496336534916,1046.0,1.0009469696969697,0.25152235871212125
FL_2015_000155_NGA,0.25076467,0.3366168037561044,1095.0,1.0009049773755656,0.2509916063529412
FL_1997_000049_TZA,0.24969015,0.5026985125242027,236.0,1.0040650406504066,0.2507051506097561
FL_2009_000147_NIC,0.24867491,0.22183554870925587,1464.0,1.0006784260515604,0.24884361753731343
FL_2009_000241_COL,0.24848908,0.43037497477485254,721.0,1.0013679890560876,0.24882901034199728
FL_2006_000190_BDI,0.2470052,0.36579328944787026,997.0,1.0009930486593843,0.24725048818272097
FL_2008_000094_ZAF,0.2461175,0.40296998458158667,853.0,1.0011587485515643,0.2464026882966396
FL_2005_000062_TZA,0.24397594,0.5348495471278705,112.0,1.0081967213114753,0.24597574278688522
FL_2003_000578_COL,0.24463198,0.4727461344958383,402.0,1.0024271844660195,0.2452257469417476
FL_2018_000054_BDI,0.24421579,0.3863440782058728,920.0,1.0010752688172042,0.24447838762365587
FL_2020_000050_AFG,0.24333507,0.4547073647385222,555.0,1.0017699115044247,0.243765751539823
FL_2002_000242_AFG,0.24316745,0.43279872372975065,710.0,1.0013888888888889,0.24350518256944445
FL_2017_000110_MLI,0.24298051,0.37010113419534296,989.0,1.001001001001001,0.24322373373373377
FL_2001_000524_MLI,0.2427159,0.3514411709078832,1036.0,1.0009560229445507,0.24294794196940728
FL_1997_000097_AFG,0.24217209,0.46829170872928455,436.0,1.0022421524663676,0.2427150767488789
FL_2006_000001_IDN,0.24203372,0.34260500211427247,1064.0,1.000931098696462,0.24225907728119184
FL_2012_000138_NGA,0.24055925,0.3859382162370003,923.0,1.0010718113612005,0.24081708413719188
FL_2015_000056_COL,0.2392507,0.44243798801735024,655.0,1.0015037593984963,0.23961047548872183
FL_2009_000171_AFG,0.23851688,0.45982644365329056,513.0,1.0019120458891013,0.23897293521988525
FL_2007_000209_PNG,0.23874107,0.3432003192519254,1062.0,1.0009328358208955,0.23896377622201492
FL_2011_000109_PAK,0.23852275,0.2761601029973785,1356.0,1.000732064421669,0.23869736401903366
FL_2010_000127_AFG,0.237116,0.46127912190565323,496.0,1.0019762845849802,0.23758460869565218
FL_2013_000045_AFG,0.2371954,0.44371890075221854,644.0,1.0015290519877675,0.2375580840978593
FL_2006_000056_AFG,0.23702028,0.466155069958855,453.0,1.0021598272138228,0.2375322028509719
FL_2021_000209_MYS,0.23615971,0.30409731664969286,1255.0,1.000790513833992,0.23634639751778655
FL_2010_000037_HTI,0.23295851,0.23177821092724848,1446.0,1.0006868131868132,0.23311850897664835
FL_2013_000157_BRA,0.2287421,0.5428068153527065,93.0,1.0097087378640777,0.23096289708737863
FL_2005_000168_NPL,0.22904071,0.31544307811567773,1199.0,1.0008271298593878,0.2292301564102564
FL_2008_000207_SDN,0.22844255,0.48478796111247363,327.0,1.002967359050445,0.22912042106824926
FL_1992_000008_PAK,0.22720903,0.2813584715395208,1339.0,1.000741289844329,0.22737745774647886
FL_2018_000105_BGD,0.22573182,0.5170903244457619,175.0,1.0054054054054054,0.226951992
FL_2005_000048_AFG,0.22379777,0.44327502300712734,650.0,1.0015151515151515,0.22413685753030302
FL_2008_000187_BDI,0.22358355,0.36925954314734766,990.0,1.001,0.22380713354999995
FL_2010_000160_NPL,0.22297955,0.30740071398094343,1235.0,1.0008032128514057,0.22315865004016067
FL_2001_000236_URY,0.21807687,0.5097966556700955,201.0,1.004739336492891,0.21911040966824644
FL_2001_000620_DZA,0.214438,0.3892021827635728,911.0,1.001085776330076,0.21467083170466883
FL_2000_000083_ZWE,0.21380107,0.20321117452123752,1487.0,1.0006680026720107,0.21394388968603875
FL_2015_000024_ARG,0.21312296,0.41927058167666276,770.0,1.0012820512820513,0.21339619456410255
FL_2012_000071_NPL,0.21210216,0.28795299063184515,1319.0,1.000752445447705,0.21226175530474042
FL_2002_000296_PRY,0.21079884,0.4499794671416604,594.0,1.0016556291390728,0.21114784470198672
FL_2015_000176_BDI,0.20937166,0.33259626258061353,1119.0,1.0008857395925599,0.20955710876882197
FL_2017_000107_NPL,0.20498744,0.31208116595342766,1215.0,1.0008163265306123,0.20515477668571427
FL_2013_000023_ZMB,0.20105746,0.24951322414862037,1411.0,1.0007037297677692,0.20119895011963407
FL_2006_000065_TZA,0.19468468,0.5604629207900635,68.0,1.0128205128205128,0.19718063743589742
FL_2009_000075_BDI,0.19697157,0.35111155058195087,1038.0,1.0009541984732824,0.19715951997137404
FL_2005_000094_AFG,0.19412324,0.4539964701356457,561.0,1.001751313485114,0.194463210647986
FL_2011_000022_AFG,0.18933019,0.4479649753273174,616.0,1.0015974440894568,0.18963263439297126
FL_2014_000019_BDI,0.18748721,0.3571990755762019,1022.0,1.000968992248062,0.18766888365310078
FL_1998_000048_PAK,0.17611359,0.28598240110137063,1326.0,1.000748502994012,0.17624541154940118
FL_2004_000059_AFG,0.1686502,0.4571834603785306,537.0,1.0018281535648994,0.168958518464351
FL_2021_000127_NER,0.14663906,0.4396940256929629,673.0,1.0014641288433381,0.14685375847730597
